     0/299     4.06G    0.1192   0.05737   0.04962    0.2262         9       640         0         0         0         0     0.124   0.04463   0.05078
     1/299       12G    0.1168   0.05526   0.05037    0.2224         4       640         0         0         0         0    0.1219   0.04555   0.05042
     2/299       12G    0.1145   0.05871   0.04995    0.2232         9       640         0         0         0         0    0.1201   0.04609   0.04999
     3/299       12G    0.1105    0.0652   0.04873    0.2244        11       640         0         0         0         0    0.1185    0.0463   0.04958
     4/299       12G    0.1129   0.07745   0.04871     0.239        22       640         0         0         0         0    0.1165   0.04635    0.0491
     5/299       12G    0.1061   0.07103   0.04808    0.2252        11       640         0         0         0         0    0.1153   0.04621    0.0486
     6/299       12G    0.1051   0.05801   0.04715    0.2103         2       640         0         0         0         0    0.1144   0.04591   0.04814
     7/299       12G   0.09908   0.06655   0.04494    0.2106         6       640         0         0         0         0    0.1137    0.0455   0.04769
     8/299       12G   0.09961   0.06366     0.046    0.2093         3       640         0         0         0         0    0.1127    0.0455   0.04721
     9/299       12G    0.0986   0.06266   0.04418    0.2054         3       640         0         0         0         0    0.1114   0.04551   0.04674
    10/299       12G   0.09483   0.07581   0.04376    0.2144        10       640 0.0005883   0.02857 9.085e-05 9.085e-06    0.1102   0.04538   0.04634
    11/299       12G   0.09131   0.07402   0.04439    0.2097         8       640  0.001166   0.02857  0.000193 2.319e-05    0.1085    0.0452   0.04596
    12/299       12G   0.09018   0.07349   0.04297    0.2066         5       640   0.00519    0.1121    0.0017 0.0004717    0.1062   0.04492   0.04548
    13/299       12G   0.08899   0.08199   0.04269    0.2137        11       640   0.01502   0.04704  0.004441  0.001202    0.1045     0.044   0.04504
    14/299       12G   0.09355   0.07998   0.04156    0.2151        24       640    0.0277   0.09123   0.01193  0.002464    0.1026   0.04251   0.04451
    15/299       12G   0.08451   0.07037   0.03997    0.1948         7       640   0.02577    0.1003   0.01869  0.004425   0.09928   0.04104   0.04402
    16/299       12G   0.08279   0.06622   0.03921    0.1882         6       640   0.02401    0.1427   0.02403   0.00662   0.09798   0.03964   0.04379
    17/299       12G   0.07868   0.06678   0.03624    0.1817        15       640   0.07615    0.1526   0.05333   0.01378   0.09323   0.03823   0.04352
    18/299       12G   0.07634   0.06316    0.0362    0.1757         5       640   0.09091    0.2104   0.06805   0.01792   0.09028   0.03629   0.04324
    19/299       12G     0.077   0.06566   0.03656    0.1792         8       640    0.1069    0.3064    0.1077    0.0237   0.09623   0.03475   0.04311
    20/299       12G   0.07772   0.05769   0.03973    0.1751         7       640    0.1089    0.3953    0.1167   0.03676   0.08768    0.0348   0.04299
    21/299       12G   0.07087   0.06536   0.03717    0.1734        11       640   0.06762    0.3262   0.08279   0.01788   0.09268   0.03357   0.04254
    22/299       12G   0.07623   0.06817   0.03967    0.1841        17       640    0.3002    0.2386    0.1033   0.02916   0.08723   0.03366   0.04201
    23/299       12G   0.06796   0.05822   0.03761    0.1638         5       640    0.2691    0.1356   0.05398   0.01325   0.08938    0.0324   0.04105
    24/299       12G   0.06792   0.06291   0.03642    0.1672        14       640    0.2903    0.3453   0.09681   0.02578    0.0811   0.03368   0.04051
    25/299       12G    0.0708   0.05578   0.03597    0.1626         8       640   0.09134    0.2847   0.08702   0.01659   0.09544   0.03106   0.03992
    26/299       12G   0.07022   0.04886   0.03534    0.1544         3       640    0.3307    0.3299    0.1315   0.04101    0.0825   0.03358   0.03954
    27/299       12G   0.06823   0.06384   0.03361    0.1657        18       640    0.2588    0.1515   0.06349   0.01805   0.09467   0.03185   0.03902
    28/299       12G   0.07328   0.05649   0.03506    0.1648        15       640    0.1032    0.2422   0.07164   0.01836   0.08779    0.0323   0.03843
    29/299       12G   0.06774   0.05508   0.03499    0.1578         6       640    0.3509    0.2546    0.1243   0.02145   0.09056   0.03065    0.0383
    30/299       12G   0.07166   0.06562   0.03462    0.1719         9       640    0.2812      0.26   0.05964   0.01235    0.0834   0.03335   0.03769
    31/299       12G   0.06832   0.04866   0.03307    0.1501         4       640    0.2967    0.2938   0.08542   0.02604   0.08984   0.03227   0.03717
    32/299       12G   0.06956   0.05522   0.03058    0.1554        13       640    0.1035    0.3299    0.1051   0.02143   0.09148    0.0306   0.03641
    33/299       12G   0.07143    0.0557   0.03146    0.1586        13       640   0.07243    0.3299   0.08082   0.02544   0.08062   0.03399   0.03617
    34/299       12G   0.06947   0.05646   0.03059    0.1565        13       640   0.07096    0.3633   0.08945   0.02669   0.08563   0.03428   0.03569
    35/299       12G   0.07277   0.04775   0.03263    0.1532         2       640   0.05257    0.3911   0.06242   0.01664   0.09439   0.03057    0.0352
    36/299       12G   0.06825   0.04594   0.02748    0.1417         5       640    0.2916    0.2806    0.1122   0.03088   0.07895   0.03475   0.03513
    37/299       12G   0.06273   0.04601   0.02602    0.1348         3       640    0.6594     0.172    0.1417   0.04266   0.08124   0.03323   0.03403
    38/299       12G   0.06294   0.05071   0.02787    0.1415        10       640    0.3305    0.2819    0.1521   0.04053   0.07659   0.03526   0.03376
    39/299       12G    0.0582   0.04603   0.02517    0.1294         3       640    0.3025     0.254    0.1504   0.05287   0.07314   0.03571   0.03304
    40/299       12G   0.06187   0.04924   0.02871    0.1398         4       640    0.7007   0.08011   0.07684   0.01759   0.09421   0.02998   0.03191
    41/299       12G   0.06779   0.04334   0.02566    0.1368         4       640    0.2737    0.2269   0.04968   0.01768   0.08873    0.0344   0.03315
    42/299       12G   0.06476   0.04503   0.02391    0.1337         5       640    0.7387    0.2031     0.231    0.0515    0.0737   0.03689   0.03298
    43/299       12G   0.06193   0.04747   0.02265     0.132         9       640    0.3574    0.2178    0.1651   0.06495    0.0766   0.03654     0.032
    44/299       12G   0.06443   0.04768   0.02334    0.1354        11       640    0.5323    0.2241    0.1582   0.04702   0.08777   0.03214   0.03122
    45/299       12G   0.06946   0.05963   0.02102    0.1501        21       640    0.3526    0.2784    0.1873   0.06441   0.07425   0.03414   0.03114
    46/299       12G   0.06244   0.05857   0.02258    0.1436        17       640    0.3189       0.3    0.1664   0.03402   0.08536   0.03196   0.03003
    47/299       12G   0.06427   0.04588   0.02227    0.1324         6       640    0.3813    0.2587    0.2326   0.09289   0.07269   0.03341   0.02991
    48/299       12G   0.06081   0.04285   0.01944    0.1231         9       640    0.3204     0.254    0.1372   0.04062   0.07646   0.03441   0.02991
    49/299       12G    0.0645   0.05359   0.01992     0.138        17       640    0.6256    0.2504    0.2227   0.05549   0.07657   0.03122   0.02929
    50/299       12G    0.0629   0.05066   0.02007    0.1336        14       640    0.6601    0.2284    0.2266    0.0625   0.07578   0.03679   0.02981
    51/299       12G   0.05779   0.04776   0.01948     0.125         4       640    0.3511    0.3802    0.2164   0.08047   0.07289   0.03331   0.02919
    52/299       12G   0.05794   0.04644   0.01793    0.1223         7       640    0.3376    0.3027    0.1686   0.03603   0.08295   0.03375   0.02917
    53/299       12G   0.06505   0.05401   0.01839    0.1374        23       640    0.6205    0.2386    0.2174   0.05677   0.07258   0.03444   0.02842
    54/299       12G   0.06009   0.04415    0.0191    0.1233         8       640    0.3251     0.502    0.1864   0.05579   0.07756   0.03361   0.02779
    55/299       12G   0.06051    0.0472   0.01773    0.1254        11       640    0.3361    0.3277    0.1106   0.03093   0.08953   0.02921   0.02759
    56/299       12G   0.06302   0.04196   0.01965    0.1246         8       640    0.3682     0.372    0.2088   0.04257   0.07939   0.03375   0.02778
    57/299       12G    0.0601   0.04698   0.01787    0.1249        11       640    0.5265    0.2903    0.1648   0.03876   0.07817   0.03203   0.02609
    58/299       12G     0.064   0.04455   0.01736    0.1259         9       640    0.5771    0.2693      0.21    0.0556    0.0772   0.03098   0.02527
    59/299       12G   0.06108   0.04028    0.0159    0.1173         4       640    0.3803     0.464    0.2416   0.06473     0.073   0.03227   0.02473
    60/299       12G   0.06313     0.046   0.01526    0.1244        12       640    0.5508    0.3631    0.3004    0.1095   0.08039   0.02913   0.02458
    61/299       12G    0.0604   0.05271   0.01688      0.13        16       640    0.4623     0.439    0.3003    0.1138   0.06528   0.03311   0.02503
    62/299       12G   0.05556   0.03745   0.01284    0.1058         1       640    0.6115    0.2617    0.2271   0.05593   0.07377   0.03177   0.02364
    63/299       12G   0.05758    0.0425   0.01324    0.1133         4       640    0.4087    0.4564     0.241   0.07918   0.07621   0.03673    0.0242
    64/299       12G    0.0586   0.04877   0.01397    0.1213        14       640    0.5193    0.3587    0.2217   0.05443   0.06976   0.03344   0.02399
    65/299       12G   0.05364   0.04695   0.01537     0.116        11       640    0.4262    0.4405    0.2195   0.05969   0.07461   0.03285    0.0235
    66/299       12G    0.0604   0.04259   0.01482    0.1178         8       640     0.449    0.3717     0.198   0.07502   0.08041   0.03612   0.02444
    67/299       12G    0.0512     0.045   0.01396    0.1102        11       640    0.4222     0.464    0.3813    0.1339   0.06186   0.03371   0.02335
    68/299       12G   0.06039   0.04661   0.01287    0.1199        18       640    0.3428    0.4505    0.2116   0.04931   0.07922   0.03304   0.02447
    69/299       12G   0.05576   0.04305   0.01354    0.1123         5       640    0.4808    0.4896    0.4257     0.129    0.0696   0.03163   0.02278
    70/299       12G   0.05835   0.05445   0.01581    0.1286        17       640    0.4956    0.4136    0.3239    0.1071   0.07188   0.03251   0.02327
    71/299       12G   0.05386   0.04606   0.01259    0.1125        12       640     0.578     0.418    0.3505   0.09514   0.06608   0.03562   0.02285
    72/299       12G   0.05457   0.05143   0.01314    0.1191        18       640    0.1076     0.635    0.1656   0.03649    0.0806   0.03653   0.02364
    73/299       12G   0.05587    0.0465   0.01271    0.1151        11       640    0.5722    0.4266    0.3617    0.1235   0.06193   0.03561   0.02317
    74/299       12G   0.05115   0.04185   0.01303     0.106         8       640    0.2327    0.6727    0.3419    0.1186   0.06001   0.03297   0.02107
    75/299       12G   0.05172   0.04253   0.01231    0.1066         6       640    0.4497    0.5153    0.3615    0.1015   0.07155   0.03309   0.02098
    76/299       12G   0.05526   0.03744    0.0109    0.1036         6       640    0.3786    0.4633    0.2737   0.05032   0.06964   0.03624   0.02204
    77/299       12G   0.05642   0.04637   0.01193    0.1147        13       640    0.6267    0.2867    0.2309    0.0571   0.07311   0.03573    0.0213
    78/299       12G     0.054   0.04546   0.01143    0.1109         9       640    0.5288     0.418    0.3236    0.1328    0.0727   0.03381   0.02098
    79/299       12G   0.05535    0.0433   0.01225    0.1109        12       640    0.4112      0.53    0.4693    0.1333    0.0629    0.0348   0.02174
    80/299       12G     0.059   0.04046   0.01173    0.1112         6       640    0.1915    0.4833    0.2238   0.07086   0.07575   0.03217   0.01935
    81/299       12G   0.05337    0.0456   0.01148    0.1104         6       640    0.4074     0.613    0.4304    0.1425    0.0669   0.03069    0.0176
    82/299       12G   0.05554   0.04385   0.01284    0.1122        10       640    0.5434    0.3958    0.3112   0.09921   0.06615   0.03954   0.01941
    83/299       12G   0.05268   0.03755    0.0109    0.1011         4       640     0.388    0.5498    0.4038    0.1001   0.07121    0.0299   0.01752
    84/299       12G   0.05626   0.05961   0.01047    0.1263        28       640    0.3005    0.7499    0.4386    0.1692    0.0603   0.03012   0.01703
    85/299       12G    0.0477   0.04129  0.009507   0.09849        11       640     0.624    0.4689    0.4477    0.1867   0.06241   0.03387   0.01715
    86/299       12G   0.05608   0.03881   0.01312     0.108         5       640     0.447    0.6726    0.5496    0.1784   0.06323    0.0306   0.01627
    87/299       12G   0.05041   0.04969   0.01032    0.1104        15       640    0.3944    0.7498    0.5604    0.1736   0.05994   0.03103   0.01686
    88/299       12G   0.05266   0.04243   0.01008    0.1052        12       640    0.3294    0.6311    0.3684    0.0914    0.0691   0.03081   0.01705
    89/299       12G   0.05102   0.04136  0.009814    0.1022         8       640    0.3172    0.7314    0.5137    0.1551   0.06025   0.03239    0.0155
    90/299       12G   0.04816   0.03854   0.01219   0.09889         7       640    0.4723     0.667    0.5828    0.1871   0.06225   0.03016    0.0154
    91/299       12G   0.05061   0.03214  0.008226   0.09097         1       640    0.3911    0.6662    0.5131    0.2073   0.05693   0.03522   0.01617
    92/299       12G   0.05177   0.03872   0.01184    0.1023        11       640    0.3588    0.5738    0.4406    0.1129   0.07194    0.0348   0.01622
    93/299       12G   0.05409   0.03535  0.008651   0.09809         6       640     0.266    0.5278    0.3279   0.09364   0.06477   0.03199   0.01969
    94/299       12G   0.05083   0.04873   0.01029    0.1098        16       640    0.4931    0.6188    0.5435    0.2264   0.06104   0.03129   0.01619
    95/299       12G   0.04583   0.03332  0.008281   0.08743         3       640    0.5101     0.532    0.4485    0.1964     0.061   0.03736   0.01696
    96/299       12G   0.04648   0.03425  0.009298   0.09002         3       640    0.3324     0.592    0.4572    0.1117   0.06644   0.03988   0.01887
    97/299       12G   0.04579   0.03995  0.008104   0.09384         8       640    0.5143    0.6069    0.5027    0.1411   0.06148   0.02974   0.01709
    98/299       12G   0.04953   0.04416  0.008729    0.1024        15       640    0.5548     0.552    0.5175    0.1377   0.06543   0.03546   0.01777
    99/299       12G   0.04813   0.03889   0.01202   0.09904         8       640    0.5743     0.531    0.4621    0.1545   0.05947   0.03266   0.01732
   100/299       12G   0.04624   0.05883  0.008219    0.1133        21       640    0.6341     0.546    0.5551    0.2939   0.05906   0.03609   0.01694
   101/299       12G   0.04902   0.05042  0.008121    0.1076        19       640    0.6562    0.4012    0.4339    0.2069   0.06686   0.03462   0.01561
   102/299       12G   0.04814   0.05019  0.008036    0.1064        22       640    0.6277    0.5956    0.5574    0.2221   0.05651   0.02866   0.01641
   103/299       12G   0.04809    0.0389  0.008456   0.09545         5       640    0.3759    0.5904    0.4573    0.1299   0.06882   0.03743   0.01748
   104/299       12G   0.04541   0.04409  0.008369   0.09787        10       640    0.7039    0.4661    0.5387    0.2669   0.05614   0.03492   0.01759
   105/299       12G   0.04416   0.04496  0.007879     0.097        16       640    0.7489    0.4945    0.5912    0.2614   0.05484   0.03919   0.01769
   106/299       12G    0.0458   0.04595  0.007155    0.0989        20       640    0.2964    0.6216    0.4609    0.1186    0.0661   0.03772   0.02003
   107/299       12G   0.04952   0.03893  0.007094   0.09554         5       640     0.774    0.4551     0.515    0.2472   0.05666   0.03944     0.018
   108/299       12G   0.04993   0.03774  0.007128    0.0948         9       640     0.554    0.4653    0.3566    0.1136   0.06433   0.03598   0.01579
   109/299       12G   0.04852    0.0426  0.007338   0.09846        10       640    0.4301    0.7372     0.549    0.2468   0.05517   0.03257   0.01513
   110/299       12G    0.0441   0.03983  0.006247   0.09018        10       640    0.4655    0.6473    0.5152    0.2324   0.05744   0.03485    0.0148
   111/299       12G   0.04414   0.04049  0.006203   0.09084        10       640    0.3792    0.7193     0.506     0.125   0.06524   0.03073   0.01339
   112/299       12G   0.04799   0.05901  0.007067    0.1141        32       640    0.6484     0.552    0.5859    0.2072   0.05997     0.029    0.0143
   113/299       12G   0.04689   0.03842  0.006539   0.09185        14       640    0.5635    0.5493    0.5665    0.2733   0.05641   0.04253   0.01611
   114/299       12G   0.04433    0.0331  0.006916   0.08434         3       640    0.4527    0.5951     0.449    0.1353   0.06945   0.03515    0.0153
   115/299       12G   0.04721     0.041  0.006646   0.09486        15       640    0.4301    0.6639    0.5653    0.2063   0.05827   0.03478   0.01776
   116/299       12G   0.04472   0.04276  0.006474   0.09396        14       640    0.3421    0.6924    0.4361    0.1918   0.06026   0.03758   0.01705
   117/299       12G   0.04599   0.03355  0.006354   0.08589         8       640    0.3689    0.5834     0.423    0.1653   0.06266    0.0426   0.01894
   118/299       12G    0.0421   0.03708  0.005535   0.08471         3       640    0.6615    0.5168    0.5226    0.1665   0.05794   0.03565   0.02007
   119/299       12G   0.04636   0.04074  0.006581   0.09368        14       640    0.6504     0.495    0.4517     0.204   0.06411   0.04427   0.01671
   120/299       12G   0.05174   0.03856   0.00621   0.09651         9       640    0.7016    0.5026    0.5091    0.1933   0.06647   0.03457   0.01759
   121/299       12G   0.04692   0.03301  0.005854   0.08579         5       640    0.6199    0.5289    0.4902    0.2555   0.05291   0.03596   0.01656
   122/299       12G   0.04068   0.04163  0.005908   0.08822        17       640     0.564     0.546    0.4806    0.1402   0.05971   0.03699   0.01829
   123/299       12G   0.04346    0.0364  0.005663   0.08552        11       640    0.4995    0.5271    0.5067    0.1973   0.05921   0.03865   0.01647
   124/299       12G   0.04479   0.03638  0.007436    0.0886        10       640    0.2758    0.7116    0.4061    0.1077   0.05855   0.03147   0.01331
   125/299       12G   0.05329   0.03791  0.005924   0.09712        10       640    0.2741    0.6802    0.3348    0.1108   0.07004   0.03182   0.01244
   126/299       12G   0.06613   0.03874  0.005546    0.1104        14       640    0.4649    0.5318    0.4737    0.1558   0.06047   0.03299   0.01329
   127/299       12G   0.05835   0.03647   0.00614     0.101        11       640     0.579    0.4933    0.5416    0.2319   0.06222   0.03262   0.01288
   128/299       12G   0.05562      0.04  0.006134    0.1018        19       640    0.4013    0.5378    0.4566    0.1152   0.06018   0.03405   0.01245
   129/299       12G   0.05395   0.04231  0.006136    0.1024        15       640     0.514    0.5856    0.5205    0.2625   0.06347   0.03459   0.01331
   130/299       12G   0.05151    0.0386  0.005544   0.09566         3       640    0.7274    0.4416     0.556    0.2289    0.0626   0.03451   0.01485
   131/299       12G   0.05283   0.02654  0.005889   0.08526         3       640    0.7017     0.346    0.4152    0.1536   0.06387   0.04338   0.01539
   132/299       12G    0.0512   0.03704  0.005524   0.09377         8       640    0.4731    0.6379    0.4469    0.1857   0.06081   0.03543    0.0135
   133/299       12G   0.05392   0.03598  0.005911   0.09581         9       640     0.448    0.6532    0.5392    0.1849   0.05853   0.03598   0.01645
   134/299       12G   0.04964    0.0388  0.006125   0.09456        14       640    0.5035    0.5685    0.4779    0.1978   0.05724   0.03671   0.01509
   135/299       12G   0.05214   0.05196  0.007684    0.1118        21       640    0.4327    0.6458    0.5148    0.1607   0.06323   0.03664   0.01407
   136/299       12G   0.05435   0.03379  0.005694   0.09384         7       640    0.5452     0.635    0.6045    0.2935   0.05444   0.03924   0.01584
   137/299       12G   0.04564   0.03643  0.005578   0.08765        14       640    0.4612    0.6134    0.5104    0.2059   0.05768   0.04067   0.01603
   138/299       12G   0.04374   0.03103  0.005208   0.07998         4       640    0.3869    0.6154    0.4759    0.1883   0.05931   0.04217   0.01702
   139/299       12G   0.04508   0.03621  0.006194   0.08748         4       640    0.3356    0.5843      0.44    0.1367   0.06003   0.03936   0.01597
   140/299       12G    0.0501   0.03165  0.005301   0.08705         2       640    0.5688    0.5563    0.5159    0.1852   0.05671   0.03787   0.01391
   141/299       12G   0.04934   0.03264  0.005213    0.0872         6       640    0.7464    0.3771    0.5037    0.2332   0.06195   0.03434   0.01348
   142/299       12G   0.04915   0.03781  0.006868   0.09382        16       640    0.4387    0.6961    0.5948    0.2167   0.05436    0.0346   0.01506
   143/299       12G   0.04246   0.03165  0.005473   0.07958         2       640    0.7462    0.6129    0.6578    0.2638   0.05566   0.03501   0.01525
   144/299       12G   0.04489   0.02964   0.00525   0.07978         4       640    0.6895    0.6774    0.6496    0.3246   0.05295   0.03654   0.01482
   145/299       12G   0.04656   0.04075   0.00522   0.09253        17       640    0.6803    0.6531    0.6618    0.2834   0.05711    0.0326   0.01256
   146/299       12G   0.04542   0.03616  0.004793   0.08637         4       640    0.4222    0.6997    0.5563    0.1783   0.05595   0.03145   0.01362
   147/299       12G    0.0473   0.03253  0.005421   0.08525         6       640    0.4721     0.694    0.6106     0.292   0.05494   0.03245   0.01364
   148/299       12G   0.04846   0.03417   0.01333   0.09595         4       640    0.5783    0.6669    0.5924    0.2562   0.05309   0.03049   0.01501
   149/299       12G   0.04348   0.03442  0.004536   0.08244        11       640    0.7326     0.635    0.6347    0.3092   0.04965   0.03413   0.01779
   150/299       12G   0.04041   0.03466  0.004529   0.07959         3       640    0.5893    0.7013    0.6239    0.2621   0.05457   0.03033   0.01676
   151/299       12G    0.0444   0.03598  0.004277   0.08465         9       640    0.5589    0.7183    0.5677    0.2299   0.05492   0.03294   0.01554
   152/299       12G   0.04975   0.03481  0.006165   0.09073        12       640    0.8057     0.517    0.6216    0.2781   0.05443   0.03481   0.01507
   153/299       12G   0.04696   0.03018  0.004901   0.08204         5       640    0.7105    0.5652    0.5582    0.2307   0.05726   0.03321   0.01554
   154/299       12G   0.04887    0.0367  0.005416   0.09099        12       640    0.7469    0.5677    0.6232    0.3193   0.05381   0.03453   0.01618
   155/299       12G   0.04597   0.04642  0.007835    0.1002        19       640    0.5864    0.7366     0.633    0.2848   0.05159   0.03142   0.01394
   156/299       12G   0.04357   0.03556  0.005279   0.08441         7       640     0.645    0.6524    0.6428    0.2968   0.05229   0.03137   0.01387
   157/299       12G   0.04075   0.03057   0.00442   0.07574         4       640     0.491    0.6999    0.5758    0.2299   0.05266   0.03345    0.0156
   158/299       12G   0.03635   0.03055    0.0046    0.0715         2       640    0.7919    0.5819    0.6802    0.3261   0.05171   0.03009   0.01374
   159/299       12G   0.04223   0.03936  0.004329   0.08592        14       640    0.6217    0.6918    0.6672    0.3027   0.05473   0.03433   0.01501
   160/299       12G   0.04699   0.03638  0.004639   0.08801         8       640    0.6987     0.669    0.6996    0.3106   0.05094   0.02962   0.01483
   161/299       12G   0.04088   0.02908  0.005162   0.07512         5       640    0.5397    0.7625    0.6682    0.3198   0.04952   0.03063   0.01462
   162/299       12G   0.04026   0.04223  0.004912    0.0874        18       640    0.5785    0.7775    0.6356    0.3216    0.0495   0.03238   0.01384
   163/299       12G   0.04333   0.03513  0.005151    0.0836        11       640     0.585     0.749    0.6831    0.2643   0.05356   0.03154     0.013
   164/299       12G   0.04311   0.03044  0.004118   0.07767         4       640    0.5907     0.792    0.7328    0.3395   0.05166   0.03225   0.01173
   165/299       12G   0.04569   0.02746  0.003656   0.07681         2       640    0.5349    0.7703    0.6639    0.2481   0.05105   0.03257   0.01325
   166/299       12G   0.04439   0.03606  0.004586   0.08504        12       640    0.5029    0.7628    0.6017     0.254   0.06069   0.02886    0.0128
   167/299       12G   0.05271   0.04394  0.004914    0.1016        20       640    0.5799    0.7134    0.6574    0.2977    0.0535   0.02963   0.01615
   168/299       12G   0.04531   0.03323  0.004211   0.08275         8       640    0.5386    0.7372    0.6282    0.3163   0.05403    0.0353   0.01645
   169/299       12G   0.04157   0.03182  0.004243   0.07763         4       640    0.4763    0.7553    0.6198    0.2799   0.05348   0.03042   0.01387
   170/299       12G   0.05079   0.04547   0.00505    0.1013        23       640    0.6347    0.6206    0.6356     0.266   0.05413   0.03016   0.01342
   171/299       12G   0.04294   0.02889  0.004425   0.07626         3       640    0.7622    0.6408    0.7071    0.3752   0.05156   0.03402   0.01539
   172/299       12G   0.03828   0.03602  0.004237   0.07854        11       640    0.6752    0.7221    0.6906    0.3138   0.05104   0.03201    0.0151
   173/299       12G   0.03846   0.03767  0.004524   0.08065        15       640    0.6774    0.7129    0.6743     0.325   0.05151   0.03297   0.01631
   174/299       12G   0.03806   0.02731  0.004058   0.06943         3       640    0.6553    0.7273    0.6509     0.306   0.05035   0.03622   0.01612
   175/299       12G   0.03524   0.03105  0.004467   0.07075         3       640    0.8146    0.7284    0.7422    0.4254   0.04851   0.03295   0.01686
   176/299       12G   0.03874   0.03985  0.004162   0.08275        17       640    0.8091    0.7313    0.7484     0.359   0.05118   0.03249   0.01614
   177/299       12G   0.04389   0.03788  0.004515   0.08628        16       640     0.643    0.7356    0.7245    0.4317    0.0495   0.03325   0.01714
   178/299       12G    0.0395   0.03294  0.004434   0.07688         6       640    0.7082     0.684    0.6205    0.3014   0.05258    0.0343    0.0166
   179/299       12G   0.04263   0.03498  0.004899   0.08251        11       640    0.7096    0.7016    0.6434    0.3356   0.05013   0.03152   0.01638
   180/299       12G   0.04113   0.03148  0.003813   0.07642         6       640    0.7425    0.6799    0.6368    0.3194   0.05219   0.03456   0.01715
   181/299       12G   0.03747   0.03179  0.005003   0.07427         8       640    0.8636     0.634    0.6919    0.3858    0.0527    0.0364   0.01792
   182/299       12G   0.03895   0.03389  0.004007   0.07685        15       640    0.8211    0.6305    0.6693      0.39   0.05286   0.04047   0.01667
   183/299       12G   0.03799   0.04178   0.00374   0.08351        26       640    0.8003     0.691    0.7221    0.4353   0.04927   0.03579   0.01436
   184/299       12G   0.03548   0.03081   0.00366   0.06996         4       640     0.693    0.6837    0.6585    0.3428   0.05096    0.0369   0.01321
   185/299       12G   0.03764   0.03785  0.003469   0.07895        15       640    0.6315    0.7178    0.6679     0.349   0.05406   0.03609   0.01339
   186/299       12G   0.04427   0.04047  0.003732   0.08847        24       640     0.672    0.6567    0.6093    0.1895   0.05402   0.03901   0.01378
   187/299       12G   0.04152    0.0345  0.003935   0.07995         7       640    0.7576    0.7685    0.7592    0.3813   0.04894   0.03427   0.01254
   188/299       12G   0.03779   0.02631  0.004498   0.06859         6       640    0.8011    0.7679    0.7893    0.4402   0.04839   0.03391   0.01162
   189/299       12G   0.04041   0.04097  0.006236   0.08762        18       640    0.7558    0.7586    0.7646    0.3888   0.04887   0.03391   0.01233
   190/299       12G   0.03804    0.0391  0.004213   0.08135        17       640    0.5921    0.7275    0.6402    0.3184   0.05281   0.03571   0.01373
   191/299       12G   0.03656   0.03403  0.003987   0.07457         8       640    0.7908    0.6062    0.6658    0.3688    0.0505   0.03743    0.0163
   192/299       12G   0.03441   0.03342  0.003973   0.07181        11       640    0.8373    0.6914    0.7145    0.3601   0.05022   0.03483   0.01706
   193/299       12G    0.0365   0.03327  0.004062   0.07383         8       640    0.6463    0.6744    0.5803    0.3156   0.05249   0.03491   0.01649
   194/299       12G   0.03893   0.03257  0.003958   0.07545         4       640     0.693    0.6646    0.5827    0.2888   0.05177   0.03782   0.01731
   195/299       12G    0.0466   0.04293  0.004112   0.09365        22       640    0.7002    0.5838    0.5942    0.3151   0.05343   0.03593   0.01687
   196/299       12G   0.03914   0.02447  0.003281   0.06689         4       640    0.7808    0.6636     0.647    0.3414   0.05272    0.0367   0.01705
   197/299       12G   0.03796   0.03228  0.003923   0.07416         9       640    0.7857    0.6832    0.6885      0.43   0.04972   0.03406   0.01555
   198/299       12G   0.03709   0.03785  0.003645   0.07859        14       640    0.8661     0.657    0.7017    0.4009   0.05196   0.03332   0.01525
   199/299       12G   0.03742   0.03588  0.003453   0.07675         4       640    0.8173    0.6788    0.6874    0.4029   0.05028   0.03603   0.01475
   200/299       12G    0.0349    0.0275  0.003378   0.06578         6       640    0.8401    0.6771    0.7152    0.4019    0.0529   0.03362   0.01456
   201/299       12G   0.03821   0.03694  0.003604   0.07875        15       640    0.8356    0.6601    0.7068    0.4035   0.05193   0.03454   0.01557
   202/299       12G     0.037     0.036  0.003982   0.07698         9       640      0.58    0.7735    0.7236    0.3858   0.04929   0.03311   0.01667
   203/299       12G   0.03184   0.03188  0.003748   0.06747         4       640    0.8366    0.6647    0.7188    0.3898   0.04834   0.03352   0.01538
   204/299       12G   0.03822   0.03369  0.003721   0.07563        14       640    0.8266    0.6547    0.7146     0.384   0.05096   0.03458   0.01475
   205/299       12G   0.03894    0.0343  0.003034   0.07628         8       640     0.896    0.6203    0.7078    0.3408   0.05346     0.036   0.01407
   206/299       12G   0.04038   0.03522  0.003226   0.07883        12       640    0.7413    0.7704    0.7759    0.4756   0.04736   0.03324   0.01263
   207/299       12G   0.03806   0.03075  0.003364   0.07217         7       640    0.6557      0.79    0.7695    0.4421   0.04858   0.03342   0.01302
   208/299       12G   0.03284   0.02865  0.003359   0.06485         5       640    0.7835    0.7812    0.7923    0.4714   0.04697   0.03334   0.01313
   209/299       12G   0.04181   0.02823  0.004339   0.07438         1       640    0.7072    0.7834     0.726     0.361   0.04887   0.03345   0.01397
   210/299       12G   0.03897   0.03096  0.004228   0.07416         7       640    0.8504    0.6672    0.7603    0.3954   0.04947   0.03454   0.01352
   211/299       12G   0.03757   0.04284  0.003681   0.08409        20       640    0.8602    0.6701    0.7544    0.3738   0.04705   0.03488   0.01515
   212/299       12G   0.03653   0.03077   0.00353   0.07083         8       640    0.8665    0.6632    0.7245    0.4011   0.04857   0.03593    0.0153
   213/299       12G   0.03272   0.03828  0.003232   0.07423        21       640    0.6895    0.7831     0.763     0.421   0.05066   0.03417   0.01639
   214/299       12G     0.033   0.02739  0.003211    0.0636        10       640    0.6825     0.813    0.7678    0.4642   0.04641   0.03371   0.01809
   215/299       12G   0.03436    0.0284  0.003217   0.06598         4       640    0.6871    0.7891    0.7658    0.4365   0.04923    0.0332   0.01804
   216/299       12G   0.03362   0.04466  0.004866   0.08315        12       640    0.7088    0.7921    0.7788    0.4461   0.04505   0.03232   0.01755
   217/299       12G     0.037   0.03412   0.00335   0.07446        13       640    0.7691    0.7041    0.7106    0.4125   0.04686   0.03433   0.01511
   218/299       12G   0.03448    0.0335  0.003203   0.07118        15       640    0.8206    0.6863    0.6962    0.4572   0.04696   0.03665    0.0135
   219/299       12G   0.02862   0.02424  0.003478   0.05634         1       640    0.8339    0.7017    0.7051    0.4187    0.0492   0.03616   0.01225
   220/299       12G   0.02513    0.0238  0.002334   0.05127         0       640    0.8188    0.6864    0.6847    0.3807   0.04987   0.03691   0.01416
   221/299       12G   0.03228   0.03531   0.00325   0.07084         4       640    0.8137    0.6715    0.6832    0.4108   0.04851   0.03633   0.01575
   222/299       12G   0.02958   0.03217  0.003627   0.06537         7       640    0.6436    0.7477    0.7136    0.4403   0.04628   0.03456   0.01571
   223/299       12G   0.02858    0.0337  0.003261   0.06554         9       640    0.7794    0.7393    0.7585    0.4531   0.04511   0.03224   0.01191
   224/299       12G   0.02967   0.02959  0.002639    0.0619        14       640    0.6866    0.7872    0.7594    0.4688   0.04413   0.03219    0.0111
   225/299       12G   0.02845   0.03222  0.002953   0.06362         4       640    0.7962    0.7783    0.7721    0.4462   0.04506   0.03328   0.01217
   226/299       12G   0.03149   0.03694  0.003636   0.07207        20       640    0.8308    0.7019    0.7551    0.4174   0.04728   0.03492   0.01478
   227/299       12G    0.0276   0.03211  0.002809   0.06252         6       640    0.8262    0.7107    0.7572    0.4825   0.04627   0.03479   0.01437
   228/299       12G   0.03111    0.0263  0.002607   0.06002         5       640    0.7555    0.7874    0.7664    0.4503   0.04684   0.03378   0.01309
   229/299       12G   0.03175    0.0278  0.002442   0.06198         3       640    0.8693    0.6621    0.7321    0.4337   0.04742   0.03523   0.01269
   230/299       12G   0.03466   0.03462  0.004087   0.07336        10       640    0.8204    0.7029     0.715    0.4226   0.04845   0.03458   0.01305
   231/299       12G   0.03085   0.02865  0.003687   0.06319         6       640    0.8325    0.6811    0.7157    0.4263   0.04645   0.03513   0.01296
   232/299       12G   0.02984   0.03624  0.003325   0.06941        21       640    0.8376    0.7021    0.7386    0.4327   0.04627   0.03383   0.01191
   233/299       12G   0.02659   0.03348  0.002827    0.0629        15       640    0.8747    0.6379    0.7319    0.3326   0.05109   0.03449   0.01195
   234/299       12G   0.03281    0.0306   0.00338   0.06679         7       640    0.6431     0.754    0.7115    0.4094   0.04818   0.03634   0.01223
   235/299       12G   0.03264   0.03026  0.003369   0.06627         9       640    0.7922    0.7105    0.6958    0.4115   0.04625   0.03705   0.01428
   236/299       12G   0.02653    0.0263  0.002553   0.05539         2       640    0.8158    0.6576    0.6976    0.4282   0.04637   0.03699   0.01519
   237/299       12G   0.03425   0.03467  0.002939   0.07186        17       640    0.6704    0.7972     0.739    0.4364   0.04548   0.03403   0.01468
   238/299       12G   0.02984    0.0262  0.002571   0.05861         4       640    0.7215    0.7614    0.7666    0.4878   0.04431   0.03393   0.01322
   239/299       12G   0.02932   0.03038  0.002663   0.06235         6       640    0.8109    0.6974    0.7698    0.4787   0.04433   0.03328    0.0129
   240/299       12G   0.03168    0.0282  0.002287   0.06217         7       640    0.8186    0.7008    0.7638    0.4788   0.04477   0.03426   0.01285
   241/299       12G   0.02932   0.02372  0.002256    0.0553         1       640    0.7637    0.7376     0.757    0.4603   0.04479   0.03453   0.01377
   242/299       12G   0.03053   0.03095  0.002348   0.06383        10       640    0.6882    0.8205    0.7759    0.4629   0.04415   0.03128   0.01352
   243/299       12G   0.02909   0.02776  0.002858    0.0597         3       640    0.7824    0.7718    0.7632    0.4804   0.04289   0.03082   0.01321
   244/299       12G   0.02896   0.03187  0.002856   0.06368        13       640    0.7599     0.774    0.7859    0.5052   0.04244   0.03057   0.01263
   245/299       12G   0.03033   0.02953   0.00325   0.06311        10       640    0.6716    0.8114    0.7994    0.4661   0.04543   0.03055   0.01176
   246/299       12G   0.03182   0.04024  0.003097   0.07516        23       640    0.6806    0.8426    0.8007    0.4587   0.04759     0.032   0.01106
   247/299       12G   0.03015   0.03014  0.002742   0.06304         4       640    0.6806    0.8108    0.7871    0.5156   0.04551   0.03294   0.01148
   248/299       12G    0.0288   0.02499  0.002663   0.05645         1       640    0.7933    0.7886    0.7942    0.4894   0.04542   0.03216   0.01136
   249/299       12G   0.02724   0.02974  0.002587   0.05957         5       640    0.7949     0.753    0.8063     0.442   0.04439   0.03101   0.01058
   250/299       12G   0.02691   0.03308  0.002588   0.06257         4       640    0.7242    0.7831    0.7768    0.4769   0.04454   0.03177  0.009693
   251/299       12G   0.03061   0.02897  0.002318    0.0619         8       640    0.8273      0.74    0.7381    0.4186    0.0448   0.03341  0.009276
   252/299       12G   0.03123   0.03304   0.00326   0.06753        16       640    0.8364    0.7283    0.7346    0.4054   0.04834   0.03368  0.008884
   253/299       12G   0.03542   0.03281   0.00268   0.07091        14       640    0.8445    0.7007    0.7239    0.4167   0.04535   0.03593   0.01003
   254/299       12G   0.03049   0.03375  0.003039   0.06728         6       640    0.8238    0.6804    0.7116    0.4364   0.04575   0.03655   0.01068
   255/299       12G    0.0269   0.02874  0.002822   0.05846         7       640    0.8101    0.7022    0.7022    0.4258   0.04688   0.03709   0.01154
   256/299       12G   0.02829   0.03215  0.002379   0.06282        16       640     0.818    0.7032    0.7025    0.4236   0.04668   0.03707   0.01196
   257/299       12G    0.0338   0.03331  0.007446   0.07456         3       640    0.7966    0.7209    0.6873    0.4199   0.04686   0.03757   0.01294
   258/299       12G   0.02695   0.03008  0.002186   0.05921         7       640    0.7507    0.7503     0.716    0.4447   0.04762   0.03823   0.01477
   259/299       12G   0.02361   0.02759  0.002222   0.05343         4       640    0.7678    0.7302     0.722    0.4487   0.04704   0.03861   0.01477
   260/299       12G   0.02587   0.02416  0.002364    0.0524         5       640    0.6514    0.7774    0.7378    0.4294   0.04707   0.03777    0.0152
   261/299       12G   0.02592   0.02718  0.002883   0.05599         4       640    0.6562    0.7776    0.7339    0.4387   0.04642   0.03754   0.01448
   262/299       12G   0.02571   0.03255  0.002152   0.06041        17       640    0.7924    0.6999    0.7348    0.4489   0.04636   0.03676   0.01375
   263/299       12G   0.03317   0.03715  0.002642   0.07297        13       640    0.7998    0.7336    0.7551    0.4409   0.04651   0.03577    0.0132
   264/299       12G   0.03128   0.02765  0.002007   0.06094         8       640    0.7507    0.7838    0.7499    0.4631   0.04707    0.0379   0.01286
   265/299       12G   0.02915   0.03682  0.002892   0.06886        13       640    0.7342    0.7448    0.7317    0.4561   0.04679   0.03805   0.01282
   266/299       12G   0.02965   0.03474  0.002284   0.06667        10       640    0.7032    0.7296    0.7299    0.4568   0.04662   0.03743   0.01228
   267/299       12G   0.03141   0.02987  0.002365   0.06365        10       640     0.739    0.7651    0.7503    0.4704   0.04701   0.03625   0.01198
   268/299       12G   0.02907   0.02758  0.002555   0.05921        10       640    0.7589    0.7653     0.763     0.493   0.04499   0.03539   0.01158
   269/299       12G   0.02572   0.02606  0.002212   0.05399         5       640    0.8302    0.7679    0.7831    0.4959   0.04392   0.03294   0.01059
   270/299       12G   0.02612   0.03006  0.002402   0.05858        13       640    0.7692    0.7895    0.7813     0.504   0.04396   0.03349  0.009931
   271/299       12G   0.02572    0.0245  0.002178    0.0524        13       640    0.8091    0.6651    0.7304    0.4437   0.04503   0.03613  0.009549
   272/299       12G   0.02475   0.02674  0.002084   0.05357         9       640    0.8112    0.6895    0.7198     0.445   0.04516   0.03668    0.0103
   273/299       12G   0.02613   0.03363  0.002249   0.06201        16       640    0.8162    0.6772    0.7096    0.4457   0.04572   0.03823   0.01043
   274/299       12G   0.02775   0.03283  0.001985   0.06257        19       640    0.8015    0.6811    0.7087    0.4469    0.0452    0.0377   0.01137
   275/299       12G   0.01803   0.02059   0.00153   0.04015         0       640    0.8119    0.6782    0.6997    0.4291   0.04715   0.03869   0.01154
   276/299       12G   0.02651   0.03116  0.002366   0.06004        16       640     0.637    0.7593    0.7201    0.4273   0.04482   0.03707   0.01188
   277/299       12G    0.0286   0.02876   0.00216   0.05952        14       640    0.8529    0.6908    0.7239    0.4474   0.04599   0.03772    0.0124
   278/299       12G   0.03369   0.03125   0.01235   0.07729         6       640    0.6501    0.7623     0.734    0.4391   0.04453   0.03587   0.01244
   279/299       12G   0.02716   0.02801  0.002263   0.05744        12       640    0.8094    0.7455    0.7578    0.4603   0.04418   0.03397    0.0132
   280/299       12G    0.0261   0.03012   0.00234   0.05856        15       640    0.6687    0.7595    0.7388    0.4471   0.04326   0.03458   0.01347
   281/299       12G   0.02725   0.03053  0.001948   0.05973         8       640     0.819    0.7282    0.7352    0.4694   0.04318   0.03372   0.01265
   282/299       12G   0.02857   0.02721    0.0019   0.05769         9       640    0.7619     0.776    0.7577    0.4728    0.0434   0.03361   0.01127
   283/299       12G   0.02849   0.03615  0.002456   0.06709        24       640    0.7412    0.7724      0.74    0.4432   0.04436   0.03578   0.01143
   284/299       12G   0.02336   0.03076  0.002229   0.05635         4       640    0.7735    0.7672    0.7419    0.4797   0.04376   0.03556   0.01122
   285/299       12G   0.02542   0.02789  0.002254   0.05556        10       640    0.7825    0.7481    0.7401    0.4751   0.04372   0.03567   0.01186
   286/299       12G   0.02293    0.0273  0.002076   0.05231         5       640     0.762    0.7609    0.7419    0.4562   0.04394   0.03533    0.0115
   287/299       12G   0.02341   0.02066  0.002174   0.04624         1       640    0.8663    0.6961    0.7293    0.4557   0.04437   0.03612   0.01151
   288/299       12G   0.03096   0.02457  0.002101   0.05764         3       640    0.8378    0.7221    0.7249    0.4357   0.04456    0.0359   0.01115
   289/299       12G   0.02588   0.02612  0.002141   0.05414         7       640    0.8525    0.7233    0.7277    0.4613   0.04301    0.0355   0.01109
   290/299       12G   0.02462   0.03331  0.002123   0.06005        14       640    0.8574     0.715    0.7299    0.4387   0.04382   0.03505   0.01065
   291/299       12G   0.02678   0.02534  0.002209   0.05433         6       640    0.8524    0.7161    0.7222    0.4434   0.04478   0.03647   0.01117
   292/299       12G   0.02324   0.02884  0.002119    0.0542        13       640    0.8553    0.7058    0.7198    0.4106   0.04632   0.03696   0.01095
   293/299       12G   0.02715    0.0268  0.002095   0.05605         7       640    0.8509    0.7233    0.7218     0.439   0.04638   0.03674   0.01089
   294/299       12G     0.026   0.02857    0.0022   0.05676        12       640    0.8756    0.6821    0.7111    0.4189   0.04418   0.03659   0.01073
   295/299       12G   0.02434   0.03307  0.001963   0.05937         8       640    0.7879    0.7269    0.7012    0.4465   0.04432   0.03732     0.011
   296/299       12G   0.02432    0.0294  0.001796   0.05552        11       640     0.886    0.6339    0.7048    0.4324   0.04506   0.03693   0.01097
   297/299       12G    0.0283   0.03737   0.00247   0.06814        11       640    0.8977     0.611    0.7004     0.426   0.04501   0.03773   0.01119
   298/299       12G   0.02792   0.03068  0.002137   0.06074        14       640     0.899     0.649    0.7092    0.4562   0.04437   0.03648   0.01066
   299/299       12G   0.02262   0.02608   0.00202   0.05073        15       640    0.8535    0.6666    0.7079    0.4674   0.04362   0.03597   0.01156
