     0/299     5.45G    0.1175   0.08694   0.05619    0.2607       346       640         0         0         0         0      0.11   0.05406    0.0552
     1/299     11.2G    0.1177   0.08389   0.05605    0.2576       355       640         0         0         0         0     0.108   0.05408    0.0552
     2/299     11.2G    0.1153   0.09013   0.05574    0.2611       436       640         0         0         0         0    0.1055   0.05436   0.05513
     3/299     11.2G     0.113   0.08824   0.05524    0.2565       373       640 0.0003544   0.01389 3.805e-05 3.805e-06    0.1032   0.05468   0.05505
     4/299     11.2G    0.1116   0.09247   0.05464    0.2587       387       640 0.0004154   0.01389 3.833e-05 3.833e-06    0.1018   0.05477    0.0549
     5/299     11.2G    0.1105   0.09302   0.05447     0.258       326       640         0         0         0         0    0.1008   0.05477   0.05476
     6/299     11.2G     0.108    0.1033   0.05385    0.2651       408       640 0.0002019   0.01111 1.491e-05 1.491e-06   0.09998   0.05467   0.05458
     7/299     11.2G    0.1043    0.1029   0.05289      0.26       393       640 0.0009077   0.03611 0.0001162 1.857e-05   0.09915   0.05461   0.05434
     8/299     11.2G     0.106    0.1099   0.05233    0.2682       357       640 0.0009974   0.03889 0.0001749 3.115e-05    0.0982   0.05467   0.05411
     9/299     11.2G     0.105     0.106   0.05189    0.2629       299       640  0.001291   0.06111 0.0003115 5.522e-05   0.09732   0.05471   0.05388
    10/299     11.2G    0.1029    0.1021   0.05121    0.2562       328       640  0.001864   0.09167  0.000526 8.391e-05   0.09621   0.05478   0.05364
    11/299     11.2G    0.1018    0.1112   0.05061    0.2636       325       640  0.002632       0.1 0.0008566 0.0001526   0.09502   0.05485    0.0534
    12/299     11.2G    0.0995    0.1061   0.04997    0.2556       374       640  0.003197    0.1722  0.001726 0.0003677    0.0937   0.05488   0.05314
    13/299     10.8G   0.09952    0.1161   0.04906    0.2647       452       640    0.1752   0.02222   0.00435 0.0007273   0.09242   0.05473   0.05284
    14/299     10.8G   0.09848    0.1065   0.04873    0.2537       399       640   0.01939   0.09048  0.008624  0.001211   0.09089   0.05456   0.05252
    15/299     10.8G   0.09598    0.1054   0.04718    0.2486       329       640   0.02295   0.09048   0.01295   0.00182   0.08914   0.05424   0.05221
    16/299     10.8G   0.09549    0.1092   0.04708    0.2518       371       640   0.03735    0.1726   0.01739  0.002239   0.08736   0.05377   0.05191
    17/299     10.6G   0.09177    0.1032   0.04537    0.2403       340       640   0.04336    0.1837   0.02018  0.002929   0.08485   0.05339   0.05172
    18/299     10.6G   0.08933    0.1017   0.04536    0.2364       345       640   0.02707    0.2294   0.01943  0.003806   0.08248   0.05285    0.0516
    19/299     10.6G   0.08727    0.0963   0.04465    0.2282       342       640   0.02074    0.3349   0.01976  0.004231   0.07936   0.05293   0.05153
    20/299     10.6G    0.0856   0.09226   0.04325    0.2211       288       640    0.3506    0.1667   0.02408  0.005222   0.07619   0.05402   0.05144
    21/299     10.6G   0.08173   0.08937   0.04265    0.2137       327       640    0.5281    0.1319   0.03982  0.007917   0.07306   0.05613   0.05136
    22/299     10.6G    0.0803   0.09344   0.04224     0.216       383       640    0.5236    0.1333    0.0478  0.008177    0.0715   0.05945   0.05126
    23/299     10.6G   0.07613   0.08966   0.04211    0.2079       369       640    0.8434   0.07778     0.054   0.01314   0.06863   0.06323   0.05097
    24/299     10.6G   0.07591   0.09095   0.04043    0.2073       418       640    0.5407    0.1889   0.05537   0.01064   0.07253   0.06437   0.05069
    25/299     10.6G   0.07597   0.08804   0.03947    0.2035       354       640    0.5419    0.2444   0.06232   0.01995   0.06549   0.06509   0.05021
    26/299     10.6G   0.07157   0.08812   0.03877    0.1985       329       640    0.5402    0.2667    0.0672   0.02625   0.06076   0.06365   0.04984
    27/299     10.6G   0.06803   0.08665   0.03762    0.1923       384       640    0.5439    0.2111   0.07125   0.03205   0.06343   0.06191   0.04946
    28/299     10.6G   0.06906    0.0839   0.03694    0.1899       305       640     0.539    0.2999   0.07661   0.03295   0.06114   0.06085   0.04905
    29/299     10.6G    0.0678   0.08573   0.03606    0.1896       461       640    0.7079    0.3111   0.07862   0.03064   0.06391   0.06032   0.04844
    30/299     10.6G   0.06618   0.08008   0.03467    0.1809       369       640     0.787    0.1549     0.102   0.04141   0.05256   0.05942   0.04777
    31/299     10.7G    0.0668   0.08403   0.03479    0.1856       420       640    0.7313    0.1778   0.09933    0.0428   0.06195   0.05594   0.04706
    32/299     10.7G   0.06984    0.0819   0.03341    0.1851       403       640    0.7113    0.2889    0.1005   0.03615   0.05303   0.05534   0.04623
    33/299     10.7G   0.06429   0.08071   0.03266    0.1777       410       640    0.7341    0.1667    0.1017   0.04091   0.06293   0.05349   0.04544
    34/299     10.7G    0.0647   0.07487    0.0325    0.1721       390       640    0.6062    0.4028    0.1639   0.07511   0.05408   0.05197   0.04461
    35/299     10.7G   0.07045   0.08207   0.03108    0.1836       453       640    0.5949    0.4167    0.1654   0.06116   0.05547   0.05315   0.04396
    36/299     10.7G   0.06585   0.07847    0.0305    0.1748       424       640    0.6132    0.4167    0.1622   0.06829    0.0603   0.05374   0.04351
    37/299     10.7G   0.06844   0.07219   0.03124    0.1719       340       640     0.659    0.4167    0.1885   0.08881   0.05703   0.04748    0.0427
    38/299     10.7G   0.06935   0.07791   0.02947    0.1767       353       640    0.6361    0.4306    0.2147   0.08667   0.05437   0.04721   0.04207
    39/299     10.7G   0.06482   0.07704   0.02944    0.1713       480       640    0.6369    0.4306    0.2624    0.1118   0.05429   0.04778   0.04141
    40/299     10.7G   0.06316   0.07799   0.02938    0.1705       378       640    0.6731    0.4563    0.2887     0.134   0.04851   0.04859   0.04084
    41/299     10.7G   0.06339   0.07447    0.0271     0.165       308       640    0.2037    0.5891    0.2786   0.09777   0.04967   0.04661   0.04042
    42/299     10.7G   0.06586   0.07465   0.02695    0.1675       391       640    0.2025     0.589     0.274     0.097   0.05333   0.04535   0.03986
    43/299     10.7G   0.05986   0.07266   0.02875    0.1613       386       640    0.2031    0.5882    0.3061    0.0923   0.05898   0.04552    0.0394
    44/299     10.7G    0.0686   0.07276   0.02722    0.1686       380       640    0.6977    0.4446    0.3413    0.1572   0.04633   0.04459   0.03876
    45/299     10.7G   0.05768    0.0753   0.02628    0.1593       385       640    0.6695    0.4583    0.3189    0.1294   0.05025   0.04612    0.0382
    46/299     10.7G   0.06455   0.06903   0.02611    0.1597       381       640    0.2093     0.589    0.3124    0.1175     0.055   0.04198   0.03758
    47/299     10.7G   0.06507   0.06803   0.02633    0.1594       330       640     0.214    0.5893    0.2781    0.1173   0.05473   0.04188   0.03697
    48/299     10.7G   0.06553   0.06989   0.02622    0.1616       342       640    0.3829    0.5655    0.2719    0.0979   0.06189   0.04108   0.03632
    49/299     10.7G   0.06424   0.06915   0.02445    0.1578       327       640    0.4531    0.5655    0.3441    0.1632   0.04363   0.04313   0.03573
    50/299     10.7G   0.05753   0.07762   0.02525    0.1604       425       640    0.4509    0.5655    0.3055   0.08123   0.05358   0.04445   0.03515
    51/299     10.7G   0.06669   0.07061   0.02479    0.1621       387       640    0.4694    0.5655    0.3353    0.1458   0.04708    0.0426   0.03455
    52/299     10.7G    0.0624   0.06224   0.02239     0.147       391       640    0.4905    0.5554    0.3422    0.1715   0.04664   0.04241   0.03418
    53/299     10.7G   0.06001   0.07158   0.02314    0.1547       453       640    0.4778    0.5638     0.369     0.166   0.04746    0.0442   0.03366
    54/299     10.7G   0.06168   0.07318   0.02238    0.1572       416       640    0.4765    0.5655    0.3928     0.155   0.04901    0.0436   0.03327
    55/299     10.7G    0.0647    0.0707    0.0218    0.1572       396       640    0.4171    0.6131    0.3002   0.09647   0.05579   0.04205   0.03282
    56/299     10.7G   0.06386   0.06534   0.02154    0.1507       351       640    0.4777    0.6131    0.3574    0.1229   0.05146    0.0415   0.03218
    57/299     10.7G   0.06106   0.06563   0.02211    0.1488       362       640    0.5038    0.5334    0.3386    0.0934   0.05183   0.04173   0.03155
    58/299     10.7G   0.06231   0.06805   0.02069    0.1511       434       640    0.5484    0.5656    0.3236    0.1169   0.04936   0.04241   0.03108
    59/299     10.7G    0.0589   0.06857   0.02059    0.1481       364       640    0.4419    0.6105     0.281    0.1137   0.05428   0.04261   0.03077
    60/299     10.7G   0.06313   0.06728   0.02011    0.1505       369       640     0.504    0.5259    0.3527    0.1388   0.04936   0.04115   0.03021
    61/299     10.7G   0.06002   0.06732   0.02034    0.1477       379       640    0.5313    0.6225    0.4415    0.2058    0.0453   0.04171   0.02978
    62/299     10.7G   0.05892   0.06806   0.01975    0.1467       407       640    0.4837    0.5508    0.3509    0.1489   0.05184   0.04131   0.02933
    63/299     10.7G    0.0588    0.0681   0.01962    0.1465       333       640    0.5174    0.5988    0.4052    0.1599     0.048    0.0427   0.02869
    64/299     10.7G   0.06396   0.07039     0.019    0.1533       439       640    0.4285    0.6241    0.3453   0.09113   0.05675   0.04025   0.02808
    65/299     10.7G   0.05975   0.05741    0.0194    0.1366       322       640     0.511    0.5901    0.4113    0.1612   0.04465   0.04011   0.02754
    66/299     10.7G   0.05703   0.06641   0.01739    0.1408       378       640    0.4972    0.6509    0.4243    0.1417   0.04675   0.04339   0.02693
    67/299     10.7G   0.06109   0.06545   0.01818    0.1447       362       640    0.4731     0.559    0.3942    0.2028   0.04616   0.04044   0.02675
    68/299     10.7G   0.06082    0.0645   0.01713    0.1424       340       640    0.5049     0.623    0.3777    0.1738   0.04821   0.04022   0.02633
    69/299     10.7G   0.06164   0.06385   0.01754     0.143       427       640    0.5097    0.5885    0.4091    0.1744   0.04596    0.0439   0.02595
    70/299     10.7G   0.05936   0.06104   0.01823    0.1386       326       640    0.5401    0.5033    0.3378    0.1554    0.0494   0.04026   0.02598
    71/299     10.7G   0.05559   0.06492   0.01697    0.1375       415       640    0.4472    0.6226    0.3844    0.1804   0.04813   0.04327   0.02532
    72/299     10.7G   0.05765   0.06048   0.01653    0.1347       408       640    0.4734    0.5775    0.3904    0.1741   0.04603   0.04176   0.02493
    73/299     10.7G   0.05972   0.06464   0.01732    0.1417       350       640    0.5303    0.5628    0.4277    0.1916   0.04794   0.04082   0.02427
    74/299     10.7G   0.05971   0.06559   0.01609    0.1414       405       640    0.5183    0.5665     0.399    0.1598    0.0439   0.04235   0.02367
    75/299     10.7G   0.05727   0.06981   0.01596     0.143       376       640     0.502    0.6633    0.4601    0.2203   0.04288   0.04235   0.02324
    76/299     10.7G   0.05497    0.0656   0.01615    0.1367       373       640    0.3919    0.6877    0.3653    0.1671   0.04673    0.0416   0.02299
    77/299     10.7G   0.05598   0.06926    0.0157    0.1409       440       640    0.5576    0.6592    0.4427     0.159   0.04558   0.04336   0.02253
    78/299     10.7G   0.05667   0.06017   0.01583    0.1327       406       640    0.4514    0.6091    0.3868    0.1669    0.0461    0.0427   0.02241
    79/299     10.7G   0.05619   0.06729   0.01378    0.1373       451       640    0.4575    0.7075    0.4345    0.2425   0.04224   0.04623   0.02212
    80/299     10.7G   0.05661   0.06342   0.01559    0.1356       391       640    0.4258     0.754    0.4056    0.1668   0.04506   0.04079   0.02189
    81/299     10.7G   0.05711   0.06213    0.0142    0.1334       368       640    0.4371    0.6521    0.4658    0.2424   0.05052   0.04034   0.02152
    82/299     10.7G   0.05722   0.05618   0.01458     0.128       319       640    0.4652    0.6975    0.4464    0.2189   0.04243      0.04   0.02118
    83/299     10.7G    0.0529   0.05558   0.01457    0.1231       315       640    0.3877    0.6984    0.3441    0.1282   0.05063   0.04108   0.02071
    84/299     10.7G   0.05542   0.06713   0.01453    0.1371       526       640    0.6156    0.7043    0.5437    0.2696   0.04105   0.05346   0.02072
    85/299     10.7G   0.05699   0.06614   0.01351    0.1366       468       640    0.6121    0.6165     0.495    0.2935   0.04045    0.0438   0.02077
    86/299     10.7G   0.05496   0.05944    0.0139    0.1283       373       640    0.5649    0.6845    0.4844    0.2334   0.03991   0.04351   0.02038
    87/299     10.7G   0.05242   0.05898   0.01399    0.1254       348       640    0.5885    0.6329    0.5479    0.2484   0.04156   0.04189   0.02019
    88/299     10.7G   0.05253   0.06089   0.01343    0.1269       377       640    0.6531    0.6205     0.514    0.2877   0.03981   0.04273   0.02001
    89/299     10.7G   0.05488   0.06025    0.0131    0.1282       393       640    0.6766    0.6513     0.534    0.2803   0.04025   0.04286   0.01973
    90/299     10.7G   0.05401   0.06207   0.01233    0.1284       388       640    0.6005    0.6234    0.5068    0.2145   0.04617   0.04198   0.01929
    91/299     10.7G   0.05925   0.06112   0.01272    0.1331       326       640    0.6165    0.6437    0.5069    0.2411   0.04038   0.04267   0.01937
    92/299     10.7G   0.05211    0.0564    0.0134    0.1219       315       640    0.6198    0.5782    0.4717    0.2044    0.0486   0.04042   0.01923
    93/299     10.7G   0.05616   0.05767   0.01314     0.127       341       640    0.6933    0.6885    0.5699    0.3282   0.03981   0.04332   0.01941
    94/299     10.7G   0.05604   0.05834   0.01352    0.1279       298       640    0.6347    0.6413     0.524     0.258   0.04383   0.04078   0.01922
    95/299     10.7G   0.05627   0.06066   0.01222    0.1292       411       640    0.5999    0.7469    0.5457    0.2845   0.04112   0.04576   0.01883
    96/299     10.7G   0.05234   0.05519   0.01251      0.12       357       640    0.5873     0.754    0.5725    0.2755   0.04193   0.04421   0.01845
    97/299     10.7G   0.05449   0.05934   0.01226    0.1261       419       640    0.4768    0.6984    0.4399    0.1849   0.04287   0.04347   0.01814
    98/299     10.7G   0.05539   0.06406   0.01195    0.1314       408       640    0.6562    0.5879    0.5214    0.2798   0.04156   0.04402   0.01799
    99/299     10.7G   0.05347    0.0563   0.01162    0.1214       347       640    0.6812    0.6461    0.5941    0.3202   0.03627   0.04272   0.01772
   100/299     10.7G   0.04971   0.05161   0.01155    0.1129       333       640    0.7096    0.6424    0.5694    0.3014    0.0379   0.04275    0.0174
   101/299     10.7G   0.05082   0.05822   0.01124    0.1203       425       640    0.5697    0.6928    0.5577    0.2529   0.04538   0.04825    0.0174
   102/299     10.7G   0.05213   0.06337   0.01142    0.1269       428       640    0.5009    0.7112    0.5339    0.2711   0.04083   0.04736   0.01733
   103/299     10.7G   0.05008   0.05307   0.01106    0.1142       357       640     0.659     0.754    0.5831    0.3203   0.03741   0.04519   0.01733
   104/299     10.7G   0.04846   0.05446   0.01117    0.1141       365       640    0.6506    0.6371    0.5739    0.3031   0.04008   0.04557   0.01677
   105/299     10.7G    0.0487   0.05211   0.01043    0.1112       345       640    0.6481    0.7533    0.5912    0.2868    0.0413   0.04424   0.01644
   106/299     10.7G   0.05121   0.05506   0.01088    0.1172       388       640    0.5985    0.7472    0.5973    0.2991   0.04193   0.04678   0.01621
   107/299     10.7G   0.05222   0.05687   0.01103    0.1201       364       640    0.6574    0.5552    0.5645    0.3222   0.03769   0.04107   0.01623
   108/299     10.7G   0.04916   0.05549   0.01057    0.1152       386       640    0.5523    0.6844    0.5609    0.3088   0.03742   0.03996   0.01613
   109/299     10.7G   0.04953   0.05912   0.01112    0.1198       357       640    0.6881    0.7216    0.6023    0.3146    0.0379    0.0444   0.01619
   110/299     10.7G   0.04732   0.05574  0.009792    0.1129       366       640     0.657    0.6706    0.5797    0.3276    0.0372   0.04786   0.01643
   111/299     10.7G    0.0488   0.05867   0.01027    0.1177       441       640    0.5689    0.6703    0.5747    0.3328   0.04169   0.04756   0.01621
   112/299     10.7G   0.04975   0.05256   0.01038    0.1127       372       640    0.5543    0.7692    0.6067    0.3219   0.04058   0.04657   0.01619
   113/299     10.7G   0.04906   0.05753   0.01026    0.1169       415       640    0.5767    0.7814    0.6137    0.3545   0.03749   0.04857   0.01591
   114/299     10.7G   0.04898   0.05217   0.01029    0.1114       384       640    0.4836    0.6957    0.5132    0.2537   0.04239   0.04544   0.01646
   115/299     10.7G   0.05025   0.05367  0.009161    0.1131       404       640    0.4642    0.7003    0.5147    0.2651   0.04041    0.0451   0.01611
   116/299     10.7G   0.04799   0.05328   0.01015    0.1114       395       640    0.6126    0.7661    0.5929    0.3285   0.03899   0.04843   0.01547
   117/299     10.7G   0.04954   0.05706  0.009459    0.1161       439       640     0.556    0.7974    0.6085    0.3118   0.03951   0.04687   0.01496
   118/299     10.7G   0.04608   0.05949    0.0101    0.1157       414       640     0.727    0.6479    0.6276     0.372   0.03591    0.0475    0.0143
   119/299     10.7G   0.04467   0.05489  0.009436     0.109       401       640    0.5241    0.7818    0.6205    0.3355   0.03937   0.04795   0.01455
   120/299     10.7G   0.04988   0.05556   0.00928    0.1147       374       640    0.6416    0.6951    0.6162    0.3592   0.03607   0.04549   0.01502
   121/299     10.7G   0.04694   0.05614  0.009019    0.1121       395       640    0.4157    0.8296    0.5725    0.2756   0.04374   0.04885   0.01435
   122/299     10.7G   0.04648   0.05222  0.009168    0.1079       336       640    0.5619    0.7234    0.6286    0.3396   0.03832   0.04244   0.01419
   123/299     10.7G   0.04815   0.06234  0.009687    0.1202       419       640    0.5305    0.7842    0.5496    0.3289   0.03905   0.04484   0.01436
   124/299     10.7G   0.04734   0.05595  0.009349    0.1126       376       640    0.6226    0.7199    0.5667    0.3174   0.03797   0.04628   0.01433
   125/299     10.7G   0.04659   0.05467  0.008867    0.1101       441       640    0.6504    0.7639    0.6013    0.3363   0.03781   0.04883    0.0142
   126/299     10.7G   0.04784   0.05667  0.008724    0.1132       399       640    0.6176    0.7994    0.6442    0.3642   0.03557    0.0452   0.01399
   127/299     10.7G   0.04593   0.05554  0.009555     0.111       371       640    0.7167     0.593    0.5915    0.3554   0.03802   0.04443   0.01406
   128/299     10.7G   0.04618   0.05667  0.009273    0.1121       384       640    0.5959    0.7954    0.6046    0.3003   0.04146   0.04873   0.01417
   129/299     10.7G   0.05229   0.05496  0.009218    0.1165       362       640    0.7481    0.6232    0.5917    0.3469   0.03619   0.04274   0.01431
   130/299     10.7G   0.04467    0.0587  0.009487    0.1129       475       640    0.6234     0.849    0.6813    0.4112   0.03658   0.04843   0.01345
   131/299     10.7G   0.04377   0.04872  0.008818    0.1013       346       640     0.585    0.7682    0.6348    0.2918   0.03877   0.04157   0.01317
   132/299     10.7G   0.04797   0.05502  0.007767    0.1108       483       640    0.6368    0.8472    0.6453    0.4084   0.03543   0.04823   0.01306
   133/299     10.7G   0.04417   0.05193  0.007952    0.1041       337       640    0.5684    0.8341    0.6499    0.3825   0.03814   0.04306     0.013
   134/299     10.7G   0.04531   0.05412  0.008213    0.1076       422       640    0.6547    0.8458    0.6606    0.4291   0.03613   0.04274   0.01299
   135/299     10.7G   0.04901    0.0549  0.008735    0.1127       407       640    0.4865    0.8245    0.5847    0.2536   0.04158   0.04362   0.01353
   136/299     10.7G   0.04571   0.05644  0.008324    0.1105       374       640    0.5698    0.8238    0.6338    0.3505    0.0343   0.04833   0.01335
   137/299     10.7G   0.04522   0.05313  0.008544    0.1069       367       640    0.5433    0.7786    0.6432    0.3772   0.03673   0.04271    0.0129
   138/299     10.7G   0.04421    0.0535  0.007802    0.1055       368       640     0.583    0.7798    0.6232    0.3832   0.03538   0.04362   0.01298
   139/299     10.7G   0.03949   0.04811  0.007932   0.09553       343       640    0.6227    0.7284    0.6152    0.3388   0.03835   0.04649   0.01297
   140/299     10.7G   0.05072   0.05606  0.007475    0.1143       424       640    0.6566    0.7679    0.6138    0.3482   0.03591   0.04334   0.01279
   141/299     10.7G   0.04139   0.05225  0.008152    0.1018       405       640    0.6448    0.7863    0.6323    0.3497   0.03661   0.04677   0.01209
   142/299     10.7G   0.04844   0.05574  0.007938    0.1121       369       640    0.6266    0.7652    0.6504    0.3614      0.04   0.04231   0.01228
   143/299     10.7G   0.04328   0.04985  0.008397    0.1015       315       640    0.5966    0.8532     0.674     0.352   0.04158   0.04305   0.01203
   144/299     10.7G   0.04686   0.05378  0.007843    0.1085       417       640    0.7156    0.7804    0.6502      0.42   0.03335   0.04644   0.01239
   145/299     10.7G   0.04493   0.05164  0.007454     0.104       443       640    0.7255    0.7615    0.6425    0.4021   0.03401   0.04635   0.01256
   146/299     10.7G   0.04262   0.05835  0.007718    0.1087       424       640    0.6395    0.8528    0.7049     0.386   0.03456   0.04952   0.01216
   147/299     10.7G   0.04228   0.04783  0.007538   0.09764       329       640    0.7131      0.75    0.6487    0.4083   0.03622   0.04419   0.01227
   148/299     10.7G   0.04295   0.05045  0.008051    0.1015       389       640    0.6968    0.7222    0.6121    0.3257   0.04005   0.04648   0.01281
   149/299     10.7G    0.0439   0.05168  0.007669    0.1032       418       640      0.65    0.7976    0.6499    0.3985   0.03489     0.052    0.0126
   150/299     10.7G   0.04623   0.05342  0.007113    0.1068       384       640     0.668    0.8081    0.6477     0.369   0.03618   0.04561   0.01252
   151/299     10.7G   0.04137   0.04869  0.007813   0.09787       335       640    0.6363    0.8115    0.6537    0.3646   0.03626   0.04705   0.01199
   152/299     10.7G   0.04373   0.05356  0.006894    0.1042       368       640    0.6608    0.7877    0.6435    0.3939   0.03469   0.04702   0.01217
   153/299     10.7G   0.04388    0.0515  0.007412    0.1028       334       640    0.7246    0.6995    0.6424    0.3654   0.03635   0.04242   0.01183
   154/299     10.7G   0.03993   0.05762  0.007357    0.1049       406       640    0.6675    0.8671    0.7112    0.4547   0.03377   0.04922   0.01156
   155/299     10.7G   0.04038   0.04798     0.007   0.09536       353       640    0.6451    0.8643    0.6699    0.3969   0.03496   0.04627    0.0118
   156/299     10.7G   0.04045   0.05057  0.006616   0.09764       393       640    0.6053    0.8532    0.6791    0.4027   0.03413   0.04588    0.0117
   157/299     10.7G   0.04625   0.05627  0.006811    0.1093       344       640    0.6171     0.889    0.6826    0.4044   0.03426     0.048   0.01179
   158/299     10.7G   0.04252   0.04795  0.006829    0.0973       369       640    0.6401    0.8511    0.6668    0.3822   0.03467   0.04356   0.01139
   159/299     10.7G   0.03758   0.05028   0.00661   0.09446       406       640    0.6471    0.7627    0.7012    0.4141   0.03541    0.0434   0.01079
   160/299     10.7G   0.04377   0.05501  0.006784    0.1056       433       640    0.5848    0.8909    0.6744    0.3906   0.03576   0.04576   0.01079
   161/299     10.7G   0.03815   0.04969  0.006528   0.09437       413       640    0.6892    0.8415    0.7066    0.4141   0.03499   0.04506   0.01053
   162/299     10.7G   0.04202   0.04792   0.00665   0.09659       329       640    0.6917     0.833    0.7002    0.4129   0.03605   0.04272   0.01048
   163/299     10.7G    0.0409   0.04707  0.005678   0.09365       336       640    0.7419    0.8285    0.7299    0.4288   0.03457   0.04252   0.01017
   164/299     10.7G   0.04044   0.05688  0.006676     0.104       396       640    0.6494    0.9147    0.7446    0.4144   0.03344   0.04541   0.01005
   165/299     10.7G   0.04029   0.05216  0.006045   0.09849       422       640    0.6595    0.8761    0.7346    0.4198   0.03471   0.04661   0.01029
   166/299     10.7G   0.04509   0.05526  0.007035    0.1074       432       640    0.6689    0.8769    0.7264    0.4161   0.03472   0.04702   0.01067
   167/299     10.7G    0.0435   0.05445  0.006153    0.1041       327       640    0.3935    0.9147     0.617    0.3072   0.05291   0.05631   0.01023
   168/299     10.7G   0.05568    0.0544   0.00651    0.1166       422       640    0.2757    0.8532    0.4435    0.1358   0.05168   0.04372   0.01037
   169/299     10.7G   0.05868   0.05312  0.006301    0.1181       379       640    0.5105    0.6916    0.4664    0.1338   0.05312   0.03956   0.01046
   170/299     10.7G   0.05041   0.05217  0.007015    0.1096       384       640    0.5524    0.7944    0.5696    0.2967   0.04109   0.04438   0.01046
   171/299     10.7G   0.04989   0.05783  0.007143    0.1149       472       640    0.6865    0.6474     0.628    0.2698   0.04208   0.04449   0.01057
   172/299     10.7G   0.04394   0.04811  0.007548   0.09961       361       640    0.5485    0.8326     0.654    0.3955   0.04192   0.04264   0.01053
   173/299     10.7G    0.0526   0.05648  0.006592    0.1157       338       640    0.5231    0.8907    0.6897    0.3443   0.04468   0.04617   0.01067
   174/299     10.7G   0.04957   0.04794  0.007402    0.1049       374       640     0.615    0.8742    0.6588    0.3005   0.04663   0.04414   0.01081
   175/299     10.7G   0.05242   0.05382  0.007276    0.1135       403       640     0.581    0.8643    0.6419    0.2506   0.04291    0.0445   0.01055
   176/299     10.7G   0.04797   0.05078  0.006956    0.1057       311       640    0.5102    0.8491    0.6167    0.3208    0.0417   0.04811   0.01061
   177/299     10.7G   0.05084   0.04889  0.006913    0.1066       359       640    0.5678    0.8477    0.6281    0.3384   0.04385    0.0465   0.01079
   178/299     10.7G   0.04572   0.04949  0.006882    0.1021       345       640    0.3923    0.8376    0.5413    0.2421   0.04491   0.04451   0.01089
   179/299     10.7G   0.05256   0.05277  0.006751    0.1121       354       640      0.48    0.8299    0.6183    0.2649    0.0444    0.0467   0.01087
   180/299     10.7G   0.04836    0.0498  0.006779    0.1049       343       640    0.4617    0.8722    0.5905    0.2693   0.04348   0.04463    0.0107
   181/299     10.7G   0.05319   0.04988  0.006404    0.1095       375       640    0.5315    0.7961    0.5591    0.2576   0.04919   0.04278   0.01089
   182/299     10.7G   0.05418   0.05111  0.007008    0.1123       404       640    0.6305    0.7915    0.6619    0.3546    0.0406   0.04415   0.01083
   183/299     10.7G   0.04819   0.05232  0.007002    0.1075       397       640    0.5287    0.8408    0.6044    0.2694    0.0433   0.04456   0.01087
   184/299     10.7G    0.0448   0.05116  0.006898    0.1029       340       640    0.5958    0.8334    0.6677     0.361   0.04174   0.04561   0.01101
   185/299     10.7G    0.0485   0.04598  0.006636    0.1011       345       640    0.5199    0.7378    0.5978    0.2506   0.04239   0.04355   0.01097
   186/299     10.7G   0.04633    0.0501  0.006771    0.1032       413       640    0.6207    0.8348    0.6314      0.28   0.04191   0.04455   0.01046
   187/299     10.7G     0.052    0.0494  0.006704    0.1081       356       640    0.5714    0.8076    0.6115    0.3311   0.04218   0.04136   0.01064
   188/299     10.7G   0.04331    0.0511  0.006913    0.1013       407       640    0.3853    0.8861     0.554    0.2381   0.04125   0.04388    0.0101
   189/299     10.7G   0.05087   0.04955  0.006502    0.1069       436       640    0.5909    0.8632    0.6307    0.3297    0.0445   0.04292   0.01014
   190/299     10.7G   0.04429   0.05003  0.005993    0.1003       394       640    0.5656    0.8697    0.6333    0.3568   0.03837   0.04432   0.01047
   191/299     10.7G    0.0483   0.05066  0.005664    0.1046       422       640    0.5901    0.8242    0.6382     0.336   0.04311   0.04396   0.01058
   192/299     10.7G   0.04406   0.05264  0.006612    0.1033       399       640    0.6111    0.8913    0.6647    0.3633   0.03674   0.04756    0.0104
   193/299     10.7G    0.0421   0.04943   0.00595   0.09748       417       640    0.5435     0.824    0.6374    0.2948   0.04251   0.04558   0.01033
   194/299     10.7G   0.04453   0.04898  0.005869   0.09938       437       640    0.5422    0.7961    0.6205    0.3062   0.04345   0.04668   0.01023
   195/299     10.7G   0.04802   0.04764  0.006056    0.1017       357       640    0.4161    0.8141    0.5265    0.2121    0.0427   0.04553   0.01022
   196/299     10.7G   0.04449   0.05002  0.006009    0.1005       350       640    0.6173    0.8211    0.6281    0.3051   0.04006   0.04593   0.01018
   197/299     10.7G   0.04487   0.04869  0.005853   0.09941       388       640    0.6637    0.7971    0.6588     0.312   0.04218    0.0468   0.01018
   198/299     10.7G   0.04024   0.05218   0.00571   0.09813       464       640    0.6057    0.8162    0.6403    0.3117   0.03735   0.05228  0.009964
   199/299     10.7G   0.04369   0.04913  0.005798   0.09861       427       640    0.4721    0.8084    0.5765    0.3443   0.04161   0.04601  0.009979
   200/299     10.7G   0.04172   0.04989  0.005634   0.09725       407       640    0.7025    0.8541    0.6922    0.4347   0.03716   0.04439  0.009812
   201/299     10.7G   0.04643   0.05263  0.005706    0.1048       405       640    0.5343     0.852    0.6376    0.3777   0.04411   0.04891  0.009753
   202/299     10.7G   0.04585   0.05187  0.006039    0.1038       415       640    0.7032    0.8619    0.7012    0.3925   0.03835   0.04836  0.009654
   203/299     10.7G   0.04606   0.04478  0.005922   0.09676       267       640    0.7188    0.8055     0.693    0.4075   0.03942   0.04594  0.009805
   204/299     10.7G   0.03963   0.05222  0.005366   0.09721       363       640    0.6947    0.8614    0.7063    0.4567    0.0355   0.04655   0.00961
   205/299     10.7G   0.04549   0.05193  0.005264    0.1027       473       640     0.573    0.8653    0.6657    0.3403   0.04225   0.04686   0.00944
   206/299     10.7G   0.04538   0.04444  0.005395   0.09522       321       640    0.7379     0.813    0.6822    0.4126   0.03734   0.04398  0.009476
   207/299     10.7G   0.04512   0.05225  0.005507    0.1029       398       640    0.5417    0.8658    0.6814     0.326    0.0394   0.04851  0.009394
   208/299     10.7G   0.04031    0.0498  0.005794   0.09591       374       640    0.5904    0.8516    0.6577    0.3394   0.03872   0.04552  0.009502
   209/299     10.7G   0.04313   0.04989   0.00536   0.09838       412       640    0.6544    0.8795    0.6895    0.4483   0.03516   0.04381  0.009764
   210/299     10.7G   0.03526   0.04766  0.006388    0.0893       379       640     0.674    0.8607    0.6935    0.4753   0.03664   0.04729  0.009665
   211/299     10.7G   0.04336   0.04679  0.005706   0.09586       325       640    0.5606    0.8712    0.6228    0.2784    0.0443   0.05071  0.009505
   212/299     10.7G   0.04439   0.04503  0.005112   0.09453       317       640    0.7327    0.8487    0.6817    0.4499   0.03671   0.04507  0.009726
   213/299     10.7G   0.04414   0.05008  0.005368   0.09959       367       640    0.6841    0.8533    0.6942    0.3847   0.03926   0.04772    0.0095
   214/299     10.7G    0.0386   0.04599  0.005814   0.09041       342       640    0.7566    0.8194    0.7159    0.4477   0.03674   0.04873  0.009415
   215/299     10.7G   0.04184   0.04335  0.005308    0.0905       276       640    0.7541    0.8194    0.7001    0.3181   0.03986   0.04689  0.009231
   216/299     10.7G   0.04185   0.04858  0.005342   0.09578       390       640    0.7088    0.8653     0.706    0.3496   0.03774   0.04363  0.009159
   217/299     10.7G   0.04246   0.04603  0.005774   0.09427       294       640    0.6106    0.8659    0.7018    0.3772   0.03854   0.04433  0.009041
   218/299     10.7G   0.04019   0.05661  0.004817    0.1016       554       640    0.7118    0.8205    0.7316    0.4296   0.03555   0.04921  0.008765
   219/299     10.7G   0.04122   0.05035  0.004689   0.09626       344       640    0.7247    0.8232    0.7491     0.418   0.03673   0.04786   0.00862
   220/299     10.7G   0.03753   0.04623  0.005127   0.08889       357       640    0.7159    0.8275    0.7189    0.4176   0.03726   0.04804  0.008591
   221/299     10.7G    0.0438   0.05081  0.004964   0.09957       429       640    0.7504    0.8239    0.7397     0.425   0.03725    0.0466  0.008712
   222/299     10.7G   0.03858   0.05135   0.00546    0.0954       385       640    0.6886    0.8307    0.7206    0.3877   0.03948   0.04633  0.008664
   223/299     10.7G   0.04448   0.04702  0.005095   0.09659       411       640    0.7461    0.8317    0.7284     0.417   0.03802   0.04366  0.008844
   224/299     10.7G   0.03779   0.04746  0.004948   0.09019       397       640    0.6774    0.8602    0.7243    0.4874   0.03799   0.04556  0.008713
   225/299     10.7G   0.04205   0.04944  0.005178   0.09666       369       640    0.7008    0.8673    0.7332    0.3956   0.03663   0.04792  0.008758
   226/299     10.7G   0.03557   0.04856  0.004971    0.0891       351       640    0.6946    0.8659    0.7028    0.4525   0.03517   0.04538  0.008801
   227/299     10.7G   0.03877   0.04786  0.005252   0.09187       347       640    0.7008    0.8751     0.694    0.3697   0.03874   0.04634  0.008758
   228/299     10.7G   0.03826   0.04605  0.005285   0.08959       381       640    0.7217    0.8389    0.6891    0.4268   0.03513   0.04408  0.008869
   229/299     10.7G   0.03944   0.04665  0.005292   0.09138       376       640    0.7169    0.8263     0.695    0.3992   0.03789   0.04494  0.008799
   230/299     10.7G   0.03791   0.04904  0.004813   0.09177       352       640    0.7295    0.8417    0.7026    0.3915   0.03563   0.04695  0.008635
   231/299     10.7G   0.03955   0.04501  0.004369   0.08893       379       640    0.6831    0.8659    0.7054    0.4414   0.03596   0.04697  0.008904
   232/299     10.7G   0.03509   0.04549  0.004754   0.08533       362       640    0.6935    0.8775    0.7231    0.4215   0.03583   0.04794  0.008683
   233/299     10.7G   0.04057   0.04779  0.004795   0.09315       386       640    0.6995    0.8568    0.7273    0.4238   0.03735   0.04711  0.008648
   234/299     10.7G   0.03392    0.0497  0.004531   0.08815       461       640    0.7153    0.8334    0.7334    0.4728   0.03418   0.05144  0.008553
   235/299     10.7G   0.03707   0.05047  0.004469   0.09201       483       640    0.7335    0.8038    0.7133    0.3817   0.03706   0.05199  0.008619
   236/299     10.7G   0.03636   0.05069  0.004564   0.09162       495       640    0.6995    0.8129    0.7092    0.4418   0.03459   0.05241  0.008776
   237/299     10.7G   0.03604   0.04627  0.004376   0.08669       349       640    0.6948    0.8592     0.729    0.4455    0.0357   0.05284  0.008758
   238/299     10.7G   0.03552   0.04741  0.004539   0.08747       385       640    0.7317    0.8494    0.7257    0.4861   0.03373   0.04751  0.008485
   239/299     10.7G   0.03965   0.05149  0.004534   0.09568       411       640    0.7267    0.8596    0.7273    0.3894   0.03889   0.04854  0.008245
   240/299     10.7G   0.03722   0.04785  0.004403   0.08947       435       640    0.7238    0.8563    0.7314    0.4695   0.03648   0.04943  0.008072
   241/299     10.7G   0.04567    0.0472  0.004736   0.09761       353       640    0.7271    0.8527    0.7313    0.3029    0.0422   0.04889  0.007812
   242/299     10.7G   0.04515   0.05144  0.004468    0.1011       421       640    0.7128    0.8625    0.7226    0.4429   0.03498   0.04499  0.008067
   243/299     10.7G   0.03557   0.04466   0.00496   0.08519       292       640    0.7107    0.8773     0.723    0.4346   0.03482   0.04807  0.007804
   244/299     10.7G    0.0342   0.04418  0.004649   0.08303       333       640    0.7106      0.85    0.7133     0.444   0.03343   0.04815   0.00772
   245/299     10.7G   0.03349   0.04522  0.004189    0.0829       358       640    0.7223    0.8361    0.7147    0.4421   0.03451   0.04853  0.007758
   246/299     10.7G   0.03282   0.05114  0.004319   0.08828       404       640     0.673    0.8942    0.7108    0.4385   0.03653   0.05052  0.007712
   247/299     10.7G      0.04   0.04613  0.004466    0.0906       301       640     0.669    0.8063    0.6973    0.4122   0.03928   0.04916  0.007981
   248/299     10.7G   0.03999   0.04629  0.004585   0.09086       345       640    0.7228    0.8019    0.7088    0.4221   0.03635   0.04732   0.00809
   249/299     10.7G   0.03838    0.0472  0.004133   0.08972       349       640    0.7208    0.8213    0.7267    0.4228   0.03587   0.04999  0.007878
   250/299     10.7G    0.0346   0.04626  0.004294   0.08515       401       640    0.6898    0.8978    0.7325    0.4076     0.042   0.04849  0.007944
   251/299     10.7G   0.04222   0.04831  0.004251   0.09478       330       640    0.7131    0.8676    0.7489    0.4434   0.03504   0.04689  0.007711
   252/299     10.7G   0.03691   0.04871   0.00434   0.08997       361       640     0.744     0.852    0.7409    0.4627   0.03589   0.04627  0.007581
   253/299     10.7G   0.03717   0.04461  0.004263   0.08604       340       640    0.7476     0.847    0.7333     0.462    0.0337   0.04611  0.007461
   254/299     10.7G   0.03105   0.04287  0.004115   0.07804       319       640    0.7432    0.8527    0.7167    0.4754   0.03436   0.04776  0.007551
   255/299     10.7G   0.03747   0.04908  0.004005   0.09055       389       640    0.7286    0.8521    0.7272    0.4698   0.03497   0.04973  0.007463
   256/299     10.7G   0.03631   0.04853  0.004381   0.08922       373       640    0.7128    0.8555    0.7281    0.4774   0.03521   0.05076  0.007688
   257/299     10.7G   0.03627   0.04711  0.004008   0.08738       437       640    0.7227    0.8647    0.7244    0.4491   0.03603   0.05011  0.007646
   258/299     10.7G   0.03473   0.04451  0.003987   0.08323       320       640    0.7211    0.8721    0.7225    0.4741   0.03384   0.04779  0.007546
   259/299     10.7G   0.03529   0.04548  0.003687   0.08446       358       640    0.7219    0.8765     0.739    0.4719   0.03455   0.04919   0.00724
   260/299     10.7G   0.03272   0.04912  0.004287   0.08613       446       640    0.7264    0.8694    0.7531    0.5289    0.0333    0.0501  0.006916
   261/299     10.7G   0.03817   0.05069  0.003677   0.09254       437       640     0.722    0.8759    0.7608    0.4246   0.03598   0.05067  0.006777
   262/299     10.7G   0.03608   0.04574  0.003633   0.08546       425       640    0.7352    0.8606    0.7362     0.485   0.03465   0.04411  0.006896
   263/299     10.7G   0.03871   0.04744  0.003906   0.09006       415       640    0.7119    0.8659    0.7263     0.428    0.0346   0.04578   0.00693
   264/299     10.7G   0.03338   0.04793  0.003808   0.08512       402       640    0.7024    0.8482    0.7289    0.4739    0.0341     0.048  0.007035
   265/299     10.7G   0.03653   0.04726   0.00396   0.08775       359       640    0.6658    0.8658    0.7214    0.4512   0.03445   0.04906  0.007136
   266/299     10.7G   0.03305   0.04682  0.003992   0.08386       363       640    0.6866    0.8659    0.7199      0.45   0.03434   0.05065  0.007031
   267/299     10.7G   0.03764   0.04955  0.003721   0.09091       436       640    0.6975    0.8659    0.7239    0.4319    0.0375    0.0499  0.007046
   268/299     10.7G   0.03508   0.04617   0.00414   0.08539       418       640    0.6941    0.8208    0.7036    0.4022    0.0351     0.047  0.006972
   269/299     10.7G   0.03682   0.04606  0.003841   0.08673       419       640     0.736    0.8458    0.7465    0.4927   0.03255   0.04512  0.007156
   270/299     10.7G   0.02971   0.04187  0.003924   0.07551       340       640    0.7375    0.8366    0.7342    0.4969   0.03222   0.04603  0.007149
   271/299     10.7G   0.03224   0.04709  0.003852   0.08318       385       640    0.7155     0.852    0.7278    0.4785   0.03389   0.04934  0.007147
   272/299     10.7G   0.03114   0.05086  0.003653   0.08566       479       640    0.7142    0.8399    0.7359     0.508   0.03333   0.05142  0.007232
   273/299     10.7G   0.03586   0.04652  0.003496   0.08588       364       640    0.7225    0.8369    0.7422    0.4729    0.0344   0.05156  0.007351
   274/299     10.7G   0.03341   0.04559  0.003448   0.08245       392       640    0.7232    0.8348    0.7438    0.4864    0.0338   0.05066  0.007515
   275/299     10.7G   0.03948   0.04498   0.00352   0.08798       458       640    0.7293    0.8301    0.7182    0.4014   0.03657   0.05163  0.007539
   276/299     10.7G   0.03422   0.04422  0.003505   0.08195       376       640    0.7428    0.8159    0.7134    0.4776   0.03361   0.04961  0.007539
   277/299     10.7G   0.03756   0.04683  0.003345   0.08773       356       640    0.7187     0.825    0.7091    0.4001   0.03661    0.0514  0.007556
   278/299     10.7G   0.03418   0.04566   0.00357   0.08342       525       640    0.7273    0.8032    0.7238    0.4633   0.03555   0.05086  0.007563
   279/299     10.7G   0.04232   0.05033  0.003538   0.09619       452       640    0.7307    0.8045    0.7174    0.3722   0.03782   0.04991  0.007366
   280/299     10.7G   0.03799   0.04254  0.003761   0.08429       230       640    0.7359    0.8055    0.7372    0.4852   0.03295   0.04598  0.007154
   281/299     10.7G   0.03384   0.04706  0.003404   0.08431       361       640    0.6716    0.9082    0.7454    0.4723   0.03357   0.04859  0.006852
   282/299     10.7G    0.0345   0.04475  0.003758     0.083       329       640    0.6386    0.9385    0.7469    0.5024    0.0332   0.04813  0.006574
   283/299     10.7G   0.03449   0.04938  0.003613   0.08748       448       640    0.7131     0.848    0.7436    0.4996   0.03143   0.04817  0.006489
   284/299     10.7G   0.03005   0.04796  0.003645   0.08165       367       640    0.6602    0.9323    0.7556    0.5256    0.0317   0.04796  0.006319
   285/299     10.7G   0.03283   0.04419  0.003929   0.08095       440       640    0.7204    0.8358    0.7478    0.4883    0.0329   0.04724  0.006308
   286/299     10.7G   0.02963   0.04041   0.00366   0.07371       334       640    0.6975    0.8422    0.7431     0.507   0.03306   0.04756  0.006354
   287/299     10.7G   0.03378   0.04195  0.003675   0.07941       345       640    0.6303    0.9189    0.7501     0.522    0.0326   0.04755  0.006321
   288/299     10.7G   0.03131   0.04539  0.003247   0.07995       377       640    0.6942    0.9357    0.7601    0.5253   0.03326   0.04838  0.006385
   289/299     10.7G   0.03598    0.0423  0.003436   0.08172       329       640    0.7122    0.8921    0.7552    0.4667   0.03402    0.0466   0.00628
   290/299     10.7G   0.03212   0.04598  0.003443   0.08154       359       640    0.7283    0.8825    0.7564    0.5011   0.03192   0.04481  0.006038
   291/299     10.7G   0.03613   0.04423  0.003498   0.08386       304       640    0.7256    0.8869    0.7628    0.5058   0.03384   0.04544   0.00603
   292/299     10.7G    0.0296   0.04155  0.003056   0.07421       395       640    0.7318     0.877    0.7347    0.5213    0.0324   0.04592  0.005907
   293/299     10.7G   0.03538    0.0439  0.003326   0.08261       353       640    0.7322    0.8762     0.758    0.4629   0.03333   0.04675  0.005814
   294/299     10.7G    0.0317   0.04114  0.003084   0.07592       349       640    0.7615    0.8602    0.7606    0.4936    0.0329   0.04534  0.005925
   295/299     10.7G   0.03544   0.04627  0.003689    0.0854       440       640    0.7544    0.8683    0.7657    0.5128   0.03121   0.04521  0.006087
   296/299     10.7G   0.03116   0.04096  0.003411   0.07554       423       640    0.7584    0.8565    0.7552    0.4716   0.03301   0.04612   0.00619
   297/299     10.7G   0.03371   0.04686  0.003499   0.08407       407       640    0.7513    0.8568    0.7517    0.5136   0.03071   0.04718   0.00621
   298/299     10.7G   0.03073   0.04291  0.003488   0.07713       349       640    0.7579    0.8526    0.7437    0.5225   0.03174    0.0475  0.006278
   299/299     10.7G   0.03284   0.03698  0.003426   0.07325       326       640    0.7527    0.8664    0.7501    0.4582   0.03339     0.049  0.006228
