     0/299     3.62G    0.1276   0.06421   0.05966    0.2514       346       640  0.001838   0.01111 0.0002421 2.819e-05    0.1287   0.04216   0.05728
     1/299       12G    0.1275   0.06175   0.05893    0.2482       355       640  0.001755   0.01111 0.0001942 1.942e-05    0.1271   0.04197   0.05728
     2/299       12G    0.1254   0.06948   0.05861    0.2534       436       640  0.001707   0.01111 0.0001348 1.348e-05    0.1249   0.04228   0.05718
     3/299       12G    0.1244   0.06537   0.05845    0.2482       373       640         0         0         0         0    0.1226   0.04259   0.05696
     4/299       12G    0.1227   0.07016   0.05773    0.2506       387       640         0         0         0         0      0.12   0.04341   0.05665
     5/299       12G    0.1204   0.07073   0.05658    0.2477       326       640         0         0         0         0    0.1174   0.04437   0.05631
     6/299       12G    0.1187   0.08014   0.05599    0.2548       408       640         0         0         0         0    0.1146   0.04551   0.05595
     7/299       12G    0.1156   0.08201   0.05511    0.2528       393       640         0         0         0         0     0.112    0.0466   0.05557
     8/299       12G    0.1155   0.08571   0.05418    0.2554       357       640 0.0003344   0.01389 2.976e-05 5.952e-06    0.1101   0.04731   0.05519
     9/299       12G    0.1134   0.08318   0.05329    0.2499       299       640 0.0005991     0.025 5.457e-05 8.894e-06    0.1082   0.04785   0.05482
    10/299       12G    0.1121   0.08249   0.05282    0.2474       328       640  0.001618   0.05992 0.0002414 3.036e-05    0.1064   0.04827   0.05447
    11/299       12G    0.1104   0.09081   0.05176     0.253       325       640  0.001989   0.07381 0.0003924 5.592e-05    0.1046   0.04874   0.05412
    12/299       12G    0.1088   0.08993   0.05141    0.2502       374       640    0.3456   0.01111  0.001751 0.0002032    0.1029   0.04924   0.05374
    13/299       12G    0.1095    0.1001   0.05036      0.26       452       640    0.3496   0.01111  0.002251 0.0002649    0.1014   0.04921   0.05335
    14/299       12G    0.1084    0.0911   0.04949     0.249       399       640    0.3456   0.01111  0.002424 0.0004279       0.1   0.04948   0.05296
    15/299       12G     0.107   0.08801    0.0484    0.2434       329       640  0.005757    0.2571  0.003525 0.0005856   0.09839   0.04939   0.05258
    16/299       12G    0.1051   0.09563   0.04818    0.2489       371       640  0.007605    0.2683  0.005547 0.0008646   0.09696   0.04924    0.0522
    17/299       12G    0.1026   0.09108   0.04628      0.24       340       640  0.008907    0.2544  0.007422  0.001125    0.0956   0.04893   0.05184
    18/299       12G    0.1011   0.09016   0.04664    0.2379       345       640    0.1782    0.1083  0.009885  0.001467   0.09419   0.04853   0.05154
    19/299       12G    0.1007   0.08719   0.04642    0.2343       342       640   0.01213    0.2139  0.009984  0.001824    0.0928    0.0483   0.05122
    20/299       12G    0.1013   0.08135   0.04479    0.2274       288       640    0.1849   0.08333   0.01185  0.002188   0.09162   0.04791   0.05099
    21/299       12G   0.09778   0.08355   0.04423    0.2255       327       640    0.1857   0.06111   0.01157  0.002727   0.09008   0.04767   0.05086
    22/299       12G   0.09799   0.08766    0.0436    0.2292       383       640    0.3527   0.08333   0.01196  0.002746   0.08832   0.04811   0.05081
    23/299       12G    0.0942   0.08688   0.04375    0.2248       369       640    0.3531   0.06944   0.01143  0.002474   0.08662   0.04929   0.05074
    24/299       12G   0.09489   0.09027   0.04293    0.2281       418       640    0.3513   0.05833  0.009002  0.002314   0.08535   0.05161   0.05072
    25/299       12G   0.09223   0.08389   0.04213    0.2183       354       640    0.1878   0.09437   0.01532  0.003015   0.08334   0.05502   0.05071
    26/299       12G   0.08862   0.08534   0.04194    0.2159       329       640    0.1899      0.15   0.01962  0.003477   0.08262   0.05924   0.05082
    27/299       12G   0.08897   0.08569   0.04084    0.2155       384       640    0.2161    0.3738   0.02574  0.004156   0.08009   0.06331   0.05091
    28/299       12G   0.08536    0.0823    0.0405    0.2082       305       640    0.2204    0.2655   0.02946  0.004982   0.07878   0.06659   0.05092
    29/299       12G   0.08595   0.08551    0.0403    0.2118       461       640    0.2036    0.2167   0.02866  0.005228   0.07658   0.06751   0.05081
    30/299       12G   0.08312   0.08115   0.03933    0.2036       369       640    0.2101    0.2167   0.03247  0.006704    0.0771   0.06731   0.05066
    31/299       12G     0.087   0.08377   0.03969    0.2105       420       640    0.2102    0.3321    0.0291  0.005935   0.07753   0.06898   0.05056
    32/299       12G   0.08752   0.08243   0.03856    0.2085       403       640     0.259    0.3291   0.04899  0.008292   0.08735   0.06709   0.05031
    33/299       12G   0.08785   0.08052   0.03825    0.2066       410       640    0.2314    0.2972   0.04847   0.01076   0.08016   0.06656   0.05009
    34/299       12G   0.08111   0.07885    0.0378    0.1978       390       640    0.2779    0.3671   0.09243   0.02209   0.07458   0.06493   0.04984
    35/299       12G   0.08287   0.08564   0.03642    0.2049       453       640    0.2774    0.3968   0.08034   0.02152   0.07814   0.06657    0.0497
    36/299       12G   0.07905   0.08197   0.03565    0.1967       424       640    0.2575     0.468    0.1109   0.02713   0.06553   0.06875   0.04932
    37/299       12G   0.07421   0.07924    0.0363    0.1898       340       640    0.2755    0.4226    0.1016   0.03204   0.07023    0.0653   0.04891
    38/299       12G   0.08092   0.07879   0.03401    0.1937       353       640    0.2608    0.4741    0.1063   0.02882   0.07478   0.06625   0.04848
    39/299       12G   0.07935   0.08271   0.03445    0.1965       480       640    0.2729    0.4643    0.1088   0.03584   0.06983     0.064   0.04808
    40/299       12G   0.07473   0.08236   0.03475    0.1918       378       640    0.4581    0.4504    0.1252   0.03671   0.06709   0.06431   0.04752
    41/299       12G   0.07156   0.07741   0.03261    0.1816       308       640    0.4374    0.4494    0.1329   0.04701   0.06033   0.06042   0.04723
    42/299       12G   0.07176   0.08124   0.03205    0.1851       391       640   0.06901    0.6091    0.1303   0.04528   0.06106   0.06253   0.04682
    43/299       12G   0.07233    0.0778   0.03385     0.184       386       640   0.09858    0.6369    0.1659   0.04867   0.06281   0.05836    0.0464
    44/299       12G   0.07936   0.07629   0.03245    0.1881       380       640    0.1265    0.5337    0.1497   0.05452    0.0867    0.0541   0.04563
    45/299       12G   0.08624   0.07363   0.03169    0.1916       385       640    0.6526    0.4024    0.1324   0.05018   0.08224   0.05036   0.04515
    46/299       12G   0.07795   0.07229   0.03155    0.1818       381       640   0.09058    0.5655    0.1763   0.06945   0.06058   0.04953   0.04445
    47/299       12G   0.07395   0.07297   0.03129    0.1782       330       640    0.6833    0.4025    0.1875   0.05882   0.07194   0.04906   0.04385
    48/299       12G   0.07467   0.07191   0.03171    0.1783       342       640    0.1433    0.5866    0.2066   0.09831   0.06881   0.04997   0.04353
    49/299       12G   0.07661   0.07249   0.02917    0.1783       327       640    0.1428    0.5893    0.2308    0.0754   0.07071   0.05034   0.04295
    50/299       12G    0.0745   0.08028   0.03028    0.1851       425       640    0.1516    0.5893    0.2622    0.1252   0.06228   0.04868   0.04248
    51/299       12G   0.07332   0.07497   0.03026    0.1785       387       640    0.1535    0.6131     0.267    0.1231   0.07256    0.0473   0.04183
    52/299       12G   0.07423   0.06705   0.02782    0.1691       391       640    0.6986    0.4167     0.229    0.0869     0.064   0.04452   0.04141
    53/299       12G   0.07258   0.07795   0.02871    0.1792       453       640    0.6943    0.4187     0.271    0.1409    0.0672   0.04709   0.04104
    54/299       12G   0.07295   0.07797   0.02773    0.1787       416       640    0.6902    0.4161    0.1793   0.07837   0.06181   0.05181   0.04078
    55/299       12G   0.07394   0.07377    0.0273     0.175       396       640    0.6965    0.4167    0.2594    0.1163    0.0688    0.0464   0.04031
    56/299       12G     0.076   0.06806   0.02646    0.1705       351       640    0.6809    0.4306     0.197   0.08729   0.07501    0.0427   0.03982
    57/299       12G   0.07251   0.07141   0.02747    0.1714       362       640    0.3769    0.6108    0.2941     0.125   0.05548   0.04556   0.03975
    58/299       12G   0.07137   0.07533   0.02621    0.1729       434       640    0.6873    0.3749     0.224   0.09627     0.063   0.04573   0.03931
    59/299       12G   0.07346   0.07292   0.02624    0.1726       364       640    0.6269    0.3889     0.222   0.07039   0.07162   0.04407   0.03912
    60/299       12G   0.07335   0.06954   0.02629    0.1692       369       640     0.194    0.5655    0.2908     0.106   0.05319   0.04443   0.03871
    61/299       12G   0.07599   0.07108   0.02674    0.1738       379       640    0.7001    0.3389    0.1988   0.08476   0.09141   0.03969    0.0383
    62/299       12G   0.09084   0.06467   0.02583    0.1813       407       640    0.7059    0.3889    0.3172     0.131    0.0769   0.03753   0.03791
    63/299       12G   0.07827   0.06817   0.02528    0.1717       333       640    0.7044    0.3751    0.3012    0.1185   0.06756    0.0404    0.0376
    64/299       12G    0.0767   0.07441   0.02574    0.1768       439       640    0.3079    0.5893    0.1722   0.05902   0.07441    0.0426   0.03736
    65/299       12G    0.0777   0.06051   0.02564    0.1638       322       640    0.6203    0.3528     0.175     0.036   0.06363   0.03958   0.03681
    66/299       12G   0.07115   0.07045   0.02336    0.1649       378       640    0.1968    0.6369    0.3347    0.1802   0.06296   0.03997   0.03637
    67/299       12G   0.07014   0.07175   0.02472    0.1666       362       640    0.7298    0.3386    0.3267    0.1631   0.06191   0.04434   0.03589
    68/299       12G   0.07822   0.06529   0.02311    0.1666       340       640    0.1329    0.5893    0.2668   0.08301   0.06563   0.04019   0.03553
    69/299       12G    0.0789   0.06943   0.02389    0.1722       427       640    0.5751     0.275   0.09068   0.03061   0.08799   0.03914   0.03545
    70/299       12G   0.08216   0.06098   0.02399    0.1671       326       640    0.1046    0.5655     0.162   0.04869   0.06268   0.03956   0.03493
    71/299       12G   0.07205   0.06994   0.02258    0.1646       415       640    0.6999    0.3611    0.2685    0.1303   0.05845   0.04085   0.03478
    72/299       12G   0.07077   0.06743    0.0225    0.1607       408       640    0.1445    0.6367    0.3183    0.1291    0.0683   0.04295   0.03459
    73/299       12G   0.07707   0.06718   0.02369    0.1679       350       640     0.184    0.6072    0.3483    0.1705   0.07176   0.04111   0.03445
    74/299       12G   0.07726   0.06924   0.02228    0.1688       405       640    0.2333    0.6212    0.3719    0.1927   0.05997   0.04197   0.03373
    75/299       12G   0.06549   0.07502   0.02223    0.1627       376       640    0.2271      0.63    0.3749    0.1448   0.05626   0.04387   0.03336
    76/299       12G   0.07362   0.06885   0.02334    0.1658       373       640     0.722    0.3387    0.3089    0.1379   0.06643   0.04043   0.03307
    77/299       12G   0.07539   0.07392   0.02199    0.1713       440       640    0.3204    0.5646    0.1925   0.04249   0.07319   0.03787   0.03286
    78/299       12G   0.07128   0.06642   0.02294    0.1606       406       640    0.2655     0.632    0.3454    0.1696   0.05679   0.04106   0.03249
    79/299       12G   0.06683   0.07471   0.01958    0.1611       451       640    0.2909    0.6346    0.3686    0.1746   0.05908   0.04371   0.03233
    80/299       12G   0.07333   0.06864   0.02206     0.164       391       640    0.3946    0.5952    0.3485     0.186   0.06937   0.03993   0.03202
    81/299       12G   0.07776   0.06758   0.02036    0.1657       368       640    0.5201    0.6276    0.4166    0.2282   0.06492   0.04081   0.03182
    82/299       12G   0.07249    0.0615   0.02156    0.1556       319       640    0.5042    0.6125    0.3994    0.1607   0.06051   0.03997   0.03164
    83/299       12G   0.06606   0.06138   0.02153     0.149       315       640    0.4718    0.6369    0.4165    0.2302   0.05768   0.04017   0.03117
    84/299       12G   0.06161   0.08034   0.02164    0.1636       526       640    0.4984     0.625    0.3818    0.2096   0.05183   0.05302   0.03098
    85/299       12G   0.06852   0.07528   0.01998    0.1638       468       640    0.5163    0.5238    0.2507   0.09198   0.06659   0.04174   0.03048
    86/299       12G   0.07297   0.06496   0.02108     0.159       373       640    0.4725    0.5238    0.2681   0.08412   0.06571   0.03663   0.03032
    87/299       12G   0.07552   0.05962   0.02016    0.1553       348       640    0.3883    0.5893    0.2448   0.05343   0.07053   0.03541   0.02992
    88/299       12G   0.07534   0.06181   0.02002    0.1572       377       640    0.3872    0.5893     0.348   0.09062    0.0651   0.03925    0.0295
    89/299       12G   0.06894   0.06721   0.01967    0.1558       393       640    0.4905     0.613     0.394    0.2075   0.05538   0.04059   0.02932
    90/299       12G   0.06948   0.06804   0.01816    0.1557       388       640    0.3465    0.6068    0.2981    0.0715   0.06466   0.04138   0.02902
    91/299       12G   0.06581   0.06857   0.01963     0.154       326       640    0.5164    0.6127    0.3939    0.1906   0.05263   0.04481   0.02894
    92/299       12G   0.06426   0.06198   0.02057    0.1468       315       640    0.4542    0.5337    0.3738    0.1656    0.0582   0.03706   0.02849
    93/299       12G   0.06602   0.06339   0.02036    0.1498       341       640    0.5838    0.5751    0.4245    0.1802    0.0461   0.03993    0.0283
    94/299       12G   0.06786   0.06577   0.02039     0.154       298       640    0.3448    0.6117    0.2869    0.1298   0.06739   0.04159   0.02811
    95/299       12G   0.07564   0.06498   0.01815    0.1588       411       640     0.514    0.6131    0.3824    0.1192   0.06304   0.04106   0.02881
    96/299       12G   0.06768   0.06065   0.01926    0.1476       357       640    0.4838    0.6131    0.3841    0.1303   0.05158   0.04076   0.02807
    97/299       12G    0.0633    0.0674   0.01875    0.1494       419       640    0.4788    0.6369    0.4232    0.2152   0.04663   0.04287   0.02747
    98/299       12G   0.06407   0.07236   0.01817    0.1546       408       640    0.3615    0.6607    0.3113   0.09931   0.05849   0.04587   0.02706
    99/299       12G   0.07321   0.06037   0.01771    0.1513       347       640     0.592    0.4352    0.3331    0.1328   0.06928   0.03723   0.02708
   100/299       12G   0.07172   0.05724   0.01844    0.1474       333       640    0.4592    0.5461    0.4207    0.1462   0.05774   0.03747   0.02705
   101/299       12G   0.06175   0.06871   0.01778    0.1482       425       640    0.5069    0.6601    0.4895    0.2497    0.0527   0.04896   0.02654
   102/299       12G   0.06954   0.06996   0.01732    0.1568       428       640    0.4705    0.5893    0.3584    0.1103   0.07006   0.04224   0.02617
   103/299       12G    0.0757   0.05666    0.0175    0.1499       357       640    0.5141    0.5337    0.3315    0.1526   0.06395   0.03559   0.02588
   104/299       12G   0.06631   0.06487   0.01659    0.1478       365       640    0.6014    0.5417    0.4432    0.2185   0.05343   0.04251   0.02551
   105/299       12G   0.06435   0.05914   0.01603    0.1395       345       640    0.5297     0.589    0.4357    0.1918    0.0555   0.04271   0.02506
   106/299       12G    0.0634   0.06336   0.01668    0.1434       388       640    0.3892    0.6845    0.4596    0.1796   0.05825   0.04478   0.02519
   107/299       12G   0.06232   0.06372    0.0175    0.1435       364       640    0.4854    0.6487    0.4958    0.2473   0.05312   0.04166   0.02498
   108/299       12G   0.06102   0.06354   0.01628    0.1408       386       640    0.3981    0.6461     0.412    0.1126   0.05509   0.04129   0.02508
   109/299       12G   0.06307   0.06493   0.01677    0.1448       357       640    0.5197     0.612    0.4522    0.2012   0.05218   0.04076   0.02501
   110/299       12G   0.06122   0.06262   0.01524    0.1391       366       640    0.3847    0.6607    0.4512    0.1605   0.05883   0.04333   0.02497
   111/299       12G   0.06195   0.06858   0.01609    0.1466       441       640    0.4942    0.6845    0.4568    0.1869   0.04783   0.04402    0.0248
   112/299       12G    0.0636   0.05991   0.01611    0.1396       372       640    0.4626    0.5353    0.4247    0.1198   0.06572   0.03627   0.02433
   113/299       12G   0.06447   0.06709   0.01596    0.1475       415       640    0.4641    0.6258    0.4623    0.2267   0.04731   0.04351   0.02425
   114/299       12G   0.06173   0.05908   0.01586    0.1367       384       640    0.4268     0.629     0.439    0.1476   0.05891   0.04056   0.02391
   115/299       12G    0.0608    0.0612   0.01516    0.1372       404       640    0.5809    0.5908    0.5128    0.2623   0.04462   0.04076   0.02381
   116/299       12G   0.05786   0.06188   0.01529     0.135       395       640    0.4203    0.5841    0.4504    0.1716   0.05209    0.0422    0.0236
   117/299       12G     0.058   0.06621   0.01536    0.1396       439       640    0.5334    0.6595    0.5346    0.2734   0.04639   0.04626   0.02337
   118/299       12G    0.0601   0.06728   0.01564     0.143       414       640    0.3815    0.6845    0.4199    0.2238   0.05655   0.04201   0.02293
   119/299       12G   0.06086     0.063     0.014    0.1379       401       640    0.5253    0.6809    0.5128    0.2878   0.05313   0.04096   0.02323
   120/299       12G   0.06329   0.06279   0.01451    0.1406       374       640    0.4145    0.6843    0.4716    0.2137   0.06414   0.04091   0.02287
   121/299       12G   0.06353   0.06211    0.0144      0.14       395       640    0.5645    0.6033    0.4875    0.2226   0.04848   0.04084   0.02267
   122/299       12G   0.06227   0.05704   0.01409    0.1334       336       640    0.4416    0.6623    0.5086    0.2198   0.06745   0.03611   0.02249
   123/299       12G   0.06681   0.06331   0.01546    0.1456       419       640      0.53     0.673     0.542    0.3373   0.05223   0.04206   0.02233
   124/299       12G   0.06627   0.06258   0.01484    0.1437       376       640    0.4159    0.6964    0.4456    0.2112   0.06081    0.0401   0.02196
   125/299       12G   0.06378   0.06456   0.01376    0.1421       441       640    0.5026     0.705    0.5567     0.306   0.05407   0.04075   0.02207
   126/299       12G   0.06191   0.06266   0.01391    0.1385       399       640    0.5203     0.708    0.5551    0.3061   0.04957   0.04054   0.02195
   127/299       12G   0.05733   0.06103   0.01501    0.1334       371       640    0.5013    0.6962    0.5437     0.222   0.04997   0.04225   0.02181
   128/299       12G   0.06013   0.06535   0.01463    0.1401       384       640    0.6032    0.5671    0.5018    0.2067   0.05115   0.04195    0.0216
   129/299       12G   0.06142   0.06129   0.01386    0.1366       362       640    0.4857    0.6044    0.4784    0.2087    0.0616   0.03769   0.02151
   130/299       12G   0.06425   0.06284   0.01459    0.1417       475       640    0.4948    0.6681    0.5311    0.2602   0.05148   0.04126    0.0211
   131/299       12G    0.0575   0.05694   0.01391    0.1284       346       640    0.4751    0.7147     0.526    0.2437   0.04552    0.0393   0.02097
   132/299       12G   0.05537   0.06576   0.01251    0.1337       483       640    0.5139    0.7214    0.5256    0.2081    0.0469   0.04962    0.0208
   133/299       12G    0.0592   0.05851    0.0128    0.1305       337       640    0.3981    0.5581    0.3471    0.1442    0.0565   0.03623   0.02081
   134/299       12G   0.06211   0.06442   0.01282    0.1393       422       640    0.5278    0.6744    0.4903    0.2218   0.04864   0.04625   0.02048
   135/299       12G   0.05883   0.06253   0.01374    0.1351       407       640    0.5491    0.6591    0.4993    0.2268   0.05379   0.03892   0.02048
   136/299       12G   0.06423   0.06169   0.01258    0.1385       374       640    0.4025    0.6369    0.3774    0.1913   0.06377   0.04168   0.02026
   137/299       12G   0.06139   0.06024   0.01333     0.135       367       640    0.6568    0.6714    0.5732    0.3322   0.03991   0.04143   0.02047
   138/299       12G   0.05187   0.06316   0.01288    0.1279       368       640    0.4894    0.6842    0.5292     0.297   0.04597   0.04624   0.02034
   139/299       12G   0.05382   0.05675   0.01339     0.124       343       640    0.6692    0.3872    0.4745    0.1434   0.04949   0.03889    0.0203
   140/299       12G    0.0563    0.0659   0.01245    0.1346       424       640    0.5249    0.7083    0.5699    0.2937   0.04485   0.04794   0.02016
   141/299       12G   0.05554    0.0608    0.0127     0.129       405       640    0.4837    0.5828    0.5181    0.2773   0.05198   0.03887   0.02012
   142/299       12G   0.05321   0.06281   0.01292    0.1289       369       640    0.5947     0.641    0.5938    0.3564   0.04356   0.04201   0.01983
   143/299       12G   0.05639   0.05526   0.01265    0.1243       315       640    0.5239    0.4358    0.4284    0.1724   0.05613   0.03805   0.01966
   144/299       12G   0.06489   0.06173   0.01175    0.1384       417       640     0.487    0.6175    0.4707    0.1705   0.05365   0.03994   0.01957
   145/299       12G   0.06297    0.0607   0.01212    0.1358       443       640    0.5655    0.6845     0.546    0.2666   0.05172    0.0453   0.01934
   146/299       12G   0.06152    0.0644   0.01257    0.1385       424       640    0.5541    0.6833    0.5684    0.2541   0.05363   0.04063   0.01922
   147/299       12G   0.05338    0.0545     0.012    0.1199       329       640     0.673    0.6731    0.5958    0.3042   0.04028   0.03971   0.01898
   148/299       12G   0.05365    0.0601   0.01251    0.1263       389       640    0.5733    0.6857    0.5855    0.3398   0.04645   0.04455   0.01885
   149/299       12G   0.05743   0.05902   0.01214    0.1286       418       640    0.5803    0.6673    0.5374    0.2373   0.04734   0.04204   0.01866
   150/299       12G   0.05806   0.06173   0.01151    0.1313       384       640    0.4582    0.6725    0.3649    0.1559   0.05204   0.04461   0.01841
   151/299       12G   0.05738   0.05529   0.01279    0.1255       335       640    0.6754     0.404    0.4861     0.188    0.0461   0.03909   0.01814
   152/299       12G   0.05448   0.06481   0.01089    0.1302       368       640    0.4887    0.7183    0.5121     0.221   0.04878   0.05179   0.01829
   153/299       12G   0.05507   0.05881   0.01224    0.1261       334       640    0.5685    0.5385    0.5146    0.2824   0.04314    0.0393   0.01803
   154/299       12G   0.05295   0.06567   0.01148    0.1301       406       640    0.6509    0.6734    0.5863    0.3363   0.04395   0.04424   0.01801
   155/299       12G   0.05242   0.05463   0.01131    0.1184       353       640    0.6605    0.6754    0.5517    0.2643   0.04619   0.03965   0.01782
   156/299       12G   0.05173   0.05997   0.01166    0.1234       393       640    0.6495    0.6735     0.585    0.3518   0.04178   0.04428   0.01798
   157/299       12G   0.04859   0.06002   0.01129    0.1199       344       640     0.659    0.6972    0.6025    0.3185   0.03969   0.04566   0.01789
   158/299       12G   0.05339   0.05479   0.01097    0.1191       369       640    0.6033    0.6831    0.5615    0.2823   0.04318   0.03954   0.01776
   159/299       12G   0.05114   0.05823    0.0107    0.1201       406       640    0.7204    0.4689    0.5561    0.2723   0.04037   0.03961   0.01754
   160/299       12G   0.05222   0.06543   0.01144    0.1291       433       640    0.5676    0.7054     0.533    0.2034   0.04381   0.04721   0.01737
   161/299       12G   0.05646   0.05772   0.01081     0.125       413       640    0.6875    0.3575    0.4806    0.2503   0.05701   0.03712   0.01733
   162/299       12G   0.05983   0.05204   0.01168    0.1236       329       640    0.6805     0.352    0.4894    0.2013   0.05184   0.03787   0.01731
   163/299       12G   0.05167    0.0546   0.01007    0.1163       336       640    0.6897    0.5958     0.523     0.204   0.04197   0.04367   0.01722
   164/299       12G   0.05263   0.06526    0.0117    0.1296       396       640    0.5842    0.6973    0.5514    0.3224   0.04093   0.04666    0.0171
   165/299       12G   0.05456   0.05999   0.01039    0.1249       422       640    0.4409     0.686    0.4717    0.2264   0.05297   0.04411   0.01719
   166/299       12G   0.05932    0.0615   0.01132    0.1321       432       640    0.6896     0.424       0.5    0.2053   0.04877   0.04214   0.01751
   167/299       12G   0.05631   0.05711   0.01038    0.1238       327       640    0.5389    0.6167    0.5579    0.2828   0.05164   0.04304   0.01719
   168/299       12G   0.05349   0.06021   0.01149    0.1252       422       640    0.5938    0.5719    0.5624    0.2744   0.04168   0.04163   0.01682
   169/299       12G   0.04699   0.05639  0.009978    0.1134       379       640    0.6689    0.6776    0.5967     0.353   0.03875   0.04381   0.01653
   170/299       12G   0.05188   0.05653   0.01096    0.1194       384       640    0.5141    0.6773    0.5302    0.2374   0.04701    0.0441   0.01652
   171/299       12G   0.05054   0.06361   0.01076    0.1249       472       640    0.5631    0.6777    0.5555    0.2705   0.04027   0.04609   0.01658
   172/299       12G   0.05406   0.05353    0.0114     0.119       361       640    0.6161    0.4783    0.4696    0.2192   0.04931   0.03867    0.0163
   173/299       12G   0.05842   0.06556   0.01007    0.1341       338       640    0.5603    0.6915     0.583    0.3351   0.04859   0.04733   0.01628
   174/299       12G   0.05808   0.05418    0.0112    0.1235       374       640    0.5834    0.5143    0.5065    0.1591   0.04901   0.04032   0.01605
   175/299       12G   0.05096   0.06026   0.01068    0.1219       403       640    0.6465    0.7216    0.6147     0.316   0.03934   0.04427   0.01579
   176/299       12G   0.04955   0.05435  0.009761    0.1137       311       640    0.6154     0.566    0.4673    0.1356    0.0437   0.04437   0.01569
   177/299       12G   0.05418    0.0546   0.01009    0.1189       359       640    0.6255     0.411    0.4874    0.2375    0.0462   0.03856   0.01583
   178/299       12G   0.05139   0.05554   0.01019    0.1171       345       640    0.6037    0.5281    0.4984    0.1883   0.04585   0.04342   0.01571
   179/299       12G    0.0533   0.05683  0.009481    0.1196       354       640    0.5912    0.5939    0.5552    0.3302   0.04352   0.04195   0.01566
   180/299       12G    0.0542   0.05395  0.009738    0.1179       343       640    0.5567    0.5123    0.4851    0.2333   0.05002   0.04008   0.01561
   181/299       12G   0.05728    0.0548  0.009156    0.1212       375       640    0.6162    0.5266    0.5121    0.2341   0.05005   0.03942    0.0157
   182/299       12G   0.05305   0.05758  0.009587    0.1202       404       640    0.6918    0.6272    0.5367     0.198   0.04389   0.04206   0.01549
   183/299       12G    0.0516    0.0572   0.01008    0.1189       397       640    0.7558    0.5248     0.596    0.3458   0.04346   0.04036    0.0155
   184/299       12G   0.05576   0.05682  0.009629    0.1222       340       640    0.5519    0.5565    0.4654    0.1602   0.04925   0.04018   0.01544
   185/299       12G    0.0539   0.05079  0.009336     0.114       345       640    0.6893    0.4629    0.5391    0.2522   0.04627     0.039   0.01545
   186/299       12G   0.05311   0.05694  0.009453    0.1195       413       640    0.5565    0.6553    0.5438    0.2121    0.0444   0.04465   0.01532
   187/299       12G   0.05222   0.05438  0.009223    0.1158       356       640    0.6008    0.4644    0.5003    0.1678   0.04769   0.04149   0.01508
   188/299       12G   0.05024   0.05828  0.009996    0.1185       407       640    0.5922    0.6091    0.5451    0.2873   0.04056   0.04364   0.01515
   189/299       12G   0.04589   0.05545  0.009287    0.1106       436       640    0.6735    0.5835    0.6004    0.3308   0.03813   0.04172   0.01513
   190/299       12G   0.04596   0.05472  0.008462    0.1091       394       640    0.6724    0.4338    0.5703    0.2171   0.04005   0.04341   0.01518
   191/299       12G   0.04895    0.0563  0.008392    0.1136       422       640    0.5791    0.5373    0.5206    0.2744   0.04359    0.0418   0.01522
   192/299       12G   0.04737    0.0574  0.009781    0.1145       399       640    0.6799     0.691    0.6034    0.3185     0.041   0.04505   0.01506
   193/299       12G   0.04802   0.05663  0.008976    0.1136       417       640    0.6674    0.5456    0.5638    0.3254   0.04096     0.043   0.01517
   194/299       12G   0.04902   0.05549  0.008536     0.113       437       640    0.6563    0.5484    0.5721    0.2898   0.04375   0.04551   0.01516
   195/299       12G   0.04658   0.05151  0.008627    0.1067       357       640    0.7541    0.5746    0.6024    0.3537   0.03829   0.04203    0.0151
   196/299       12G   0.04746   0.05585  0.008769    0.1121       350       640    0.6831    0.4956    0.5773    0.3188    0.0412   0.04325   0.01485
   197/299       12G   0.04905   0.05477  0.008554    0.1124       388       640    0.6881    0.4918     0.593    0.2499   0.04691   0.03926   0.01485
   198/299       12G    0.0492   0.05988  0.008373    0.1175       464       640    0.7226    0.6293    0.5931    0.3293   0.03947   0.04345   0.01484
   199/299       12G   0.05299   0.05534   0.00897    0.1173       427       640    0.6456    0.5221    0.5586     0.179   0.04912    0.0424   0.01474
   200/299       12G    0.0537   0.05687   0.00796    0.1185       407       640    0.6047    0.4466    0.4511    0.2642   0.04914    0.0419   0.01502
   201/299       12G   0.05162   0.05812  0.007976    0.1177       405       640    0.7432    0.5457    0.5875    0.3251   0.03693   0.04436   0.01482
   202/299       12G   0.04997   0.06044  0.008605     0.119       415       640    0.6504    0.5202    0.5581    0.2499    0.0471   0.04486   0.01442
   203/299       12G   0.04767   0.04753  0.008489    0.1037       267       640    0.7259    0.5275    0.5864    0.2321   0.04411   0.04222   0.01432
   204/299       12G   0.05364   0.05961  0.007443    0.1207       363       640    0.5735    0.5602    0.4629    0.2191   0.04823   0.04637   0.01457
   205/299       12G   0.05232   0.06042  0.007614    0.1204       473       640    0.6191    0.6352    0.5704    0.2984   0.04839    0.0471   0.01464
   206/299       12G   0.04825    0.0502  0.007794    0.1062       321       640    0.7122     0.644    0.5796    0.3162   0.03803   0.04229    0.0147
   207/299       12G   0.04701    0.0602  0.008164    0.1154       398       640    0.7064    0.6507    0.5944    0.3334    0.0399   0.05292   0.01437
   208/299       12G   0.04922   0.05701  0.008563    0.1148       374       640    0.7014    0.6364    0.5749    0.3297   0.04355   0.04387   0.01437
   209/299       12G    0.0518   0.05604  0.007648    0.1155       412       640    0.5584    0.6372    0.5194    0.2945   0.05069   0.04324   0.01438
   210/299       12G   0.05008   0.05392  0.009696    0.1137       379       640    0.5853     0.662    0.5371    0.2093   0.04038   0.04619   0.01456
   211/299       12G   0.04202   0.05117  0.008954    0.1021       325       640      0.75    0.6696    0.5974    0.3438   0.03863    0.0469   0.01447
   212/299       12G   0.04265    0.0485  0.007989   0.09914       317       640    0.7493    0.5887    0.5873    0.3349   0.03627   0.04411   0.01411
   213/299       12G   0.04352   0.05419  0.007682    0.1054       367       640    0.7153    0.6996    0.6262    0.3495   0.03644   0.04738   0.01393
   214/299       12G   0.04715   0.05163  0.008572    0.1074       342       640    0.6511    0.5103    0.5486    0.2993   0.04643   0.04327   0.01386
   215/299       12G   0.04615   0.04728   0.00859     0.102       276       640    0.7452    0.6701    0.6366    0.3301   0.04115    0.0413   0.01379
   216/299       12G    0.0475   0.05407  0.008057    0.1096       390       640    0.6266    0.6962    0.5956    0.2822   0.04023   0.04552   0.01383
   217/299       12G   0.04443   0.04874  0.008798     0.102       294       640    0.7366    0.5366    0.6022    0.2405     0.042   0.04308   0.01372
   218/299       12G   0.04288   0.06496  0.007704    0.1155       554       640    0.7254    0.7444    0.6669    0.3997   0.03858   0.05578   0.01366
   219/299       12G   0.05182   0.05678  0.007823    0.1164       344       640    0.7705    0.6007    0.6083    0.2503   0.04882   0.04199    0.0136
   220/299       12G   0.04943   0.05195  0.007975    0.1094       357       640    0.7148    0.5994    0.6235     0.344   0.03757   0.03905   0.01369
   221/299       12G   0.04485   0.05788  0.008114    0.1108       429       640    0.7125    0.7401    0.6484     0.422    0.0365   0.04548    0.0136
   222/299       12G   0.04464   0.05619  0.008299    0.1091       385       640    0.7197    0.7396    0.6578     0.389   0.03558   0.04474   0.01357
   223/299       12G   0.04516   0.05204  0.007947    0.1051       411       640    0.7194    0.6525    0.6331    0.3485   0.04251   0.04101   0.01355
   224/299       12G   0.04418   0.05495  0.007298    0.1064       397       640    0.7396    0.6442    0.6486    0.3838   0.03766   0.04206   0.01362
   225/299       12G   0.04447   0.05401  0.007738    0.1062       369       640    0.7603     0.647    0.6628    0.3663    0.0383   0.04303   0.01346
   226/299       12G   0.04293   0.05362  0.007486     0.104       351       640    0.7588    0.6431    0.6434    0.4122   0.03732   0.04345   0.01338
   227/299       12G   0.04627    0.0526  0.007791    0.1067       347       640    0.4294     0.842    0.6305    0.3463   0.04008   0.04248   0.01327
   228/299       12G   0.04454   0.05317   0.00785    0.1056       381       640    0.6699    0.5663    0.5734    0.3155   0.04199   0.04197   0.01331
   229/299       12G   0.04365   0.05291  0.008223    0.1048       376       640    0.7025    0.7511     0.646    0.3775    0.0368   0.04352   0.01328
   230/299       12G   0.04377   0.05429  0.007423    0.1055       352       640    0.7399    0.5813    0.6457    0.3927   0.03705   0.04621   0.01314
   231/299       12G    0.0446   0.05044  0.006424    0.1015       379       640    0.7286    0.5274    0.6152    0.3383   0.04124    0.0448   0.01309
   232/299       12G    0.0443   0.05174  0.007034    0.1031       362       640     0.706    0.7172    0.6566    0.3807    0.0376   0.04472   0.01316
   233/299       12G   0.04282   0.05236  0.007362    0.1025       386       640    0.7158    0.7319     0.661    0.3989   0.03766   0.04594   0.01302
   234/299       12G   0.04256   0.05692  0.006941    0.1064       461       640      0.75    0.7101    0.6676    0.3986    0.0357   0.04605   0.01299
   235/299       12G   0.04418    0.0572  0.007639     0.109       483       640    0.7357    0.5541    0.6393    0.3638   0.04197   0.04402   0.01284
   236/299       12G   0.04393   0.05767  0.006923    0.1085       495       640    0.6904    0.7008    0.6413    0.3663   0.03922    0.0461   0.01289
   237/299       12G   0.04384   0.05119  0.006754    0.1018       349       640    0.7276    0.7253    0.6664    0.3771   0.03837   0.04302   0.01283
   238/299       12G   0.04231    0.0524  0.007161    0.1019       385       640    0.5819    0.8213    0.6661    0.4039   0.03507   0.04649   0.01285
   239/299       12G   0.04162   0.05668  0.007095    0.1054       411       640    0.5803    0.8109    0.6728    0.3606   0.04039   0.04479   0.01277
   240/299       12G   0.04404    0.0541  0.006872     0.105       435       640    0.5742    0.8115     0.679    0.4113   0.03827   0.04481   0.01281
   241/299       12G   0.04518   0.05083  0.007471    0.1035       353       640    0.7679    0.4886    0.6604    0.3162   0.04249   0.04179   0.01274
   242/299       12G   0.04465   0.05602  0.006752    0.1074       421       640    0.5838    0.8177    0.6781    0.3869   0.03711   0.04347   0.01266
   243/299       12G   0.04405   0.04846  0.008039    0.1006       292       640    0.5727       0.8    0.6743    0.3056   0.04146    0.0438   0.01252
   244/299       12G   0.04779   0.04923  0.007173    0.1042       333       640    0.7199    0.4579    0.5992    0.3244   0.04308      0.04   0.01268
   245/299       12G   0.04422   0.05178  0.006578    0.1026       358       640    0.6297    0.8004    0.6672    0.3989   0.03631   0.04464    0.0125
   246/299       12G   0.04625   0.05847  0.006951    0.1117       404       640    0.5939    0.8254    0.6819    0.3725   0.04099   0.04939   0.01245
   247/299       12G   0.04417   0.05039  0.007402     0.102       301       640    0.5213    0.8254    0.6317    0.2828   0.04352   0.04565   0.01239
   248/299       12G   0.04603   0.05165  0.007871    0.1055       345       640    0.6385    0.8135    0.6549    0.3696   0.03721   0.04215   0.01244
   249/299       12G   0.03887   0.05388  0.007023   0.09977       349       640    0.6002    0.8254    0.6777    0.4179   0.03537    0.0515   0.01227
   250/299       12G   0.04624   0.05284  0.006452    0.1055       401       640    0.5583    0.8254    0.6687    0.3702   0.03955    0.0467    0.0123
   251/299       12G   0.04634   0.05115   0.00668    0.1042       330       640    0.5917    0.8143    0.6666    0.3254   0.04672   0.04394   0.01227
   252/299       12G   0.04725   0.05393  0.006736    0.1079       361       640    0.5782    0.8254     0.658    0.4023   0.03523   0.04435   0.01224
   253/299       12G   0.04163   0.04953  0.006845     0.098       340       640    0.6176    0.8143    0.6707    0.3943   0.04026   0.04248   0.01217
   254/299       12G   0.04151   0.04851  0.006777    0.0968       319       640    0.6312    0.8143    0.6544    0.3653   0.03541   0.04457   0.01218
   255/299       12G   0.04201   0.05511  0.006531    0.1036       389       640    0.7179    0.5732    0.6399    0.3889   0.03718   0.04634   0.01211
   256/299       12G   0.04273   0.05396  0.006841    0.1035       373       640    0.7395    0.5519    0.6024    0.3761   0.04149   0.04708   0.01229
   257/299       12G   0.04049    0.0534   0.00635    0.1002       437       640    0.7133    0.5742    0.6193    0.3816   0.03695   0.04671   0.01227
   258/299       12G   0.03962   0.04977  0.006602   0.09599       320       640    0.5046    0.8486    0.6453    0.3454   0.03485   0.04678   0.01223
   259/299       12G   0.04131   0.05088  0.005836   0.09803       358       640    0.6286     0.762    0.6466    0.3466   0.03525   0.04355   0.01213
   260/299       12G   0.04259   0.05761  0.006969    0.1072       446       640     0.673    0.5515    0.5878    0.2316   0.04067   0.04432   0.01189
   261/299       12G   0.04376   0.05642  0.006078    0.1063       437       640    0.5478    0.7726    0.6136    0.3285    0.0381   0.04452   0.01192
   262/299       12G   0.04623   0.05237  0.006125    0.1047       425       640    0.6479    0.7611    0.6557    0.3419   0.03849   0.04164   0.01193
   263/299       12G   0.04257   0.05406  0.005973    0.1026       415       640    0.6487    0.7726     0.659    0.3597   0.03672   0.04435   0.01199
   264/299       12G   0.04234   0.05416  0.005725    0.1022       402       640     0.595    0.7721    0.6562     0.335   0.03882   0.04705   0.01194
   265/299       12G   0.04426   0.05259  0.006432    0.1033       359       640    0.6162    0.7557    0.6452    0.3504   0.03916   0.04344   0.01197
   266/299       12G   0.04149   0.05274  0.006181    0.1004       363       640    0.5457    0.8641    0.6542    0.3811   0.03504   0.04548    0.0119
   267/299       12G   0.03979   0.05607  0.006278    0.1021       436       640    0.5124    0.8588    0.6676     0.375   0.03713   0.04456   0.01185
   268/299       12G   0.04098   0.05203  0.006422   0.09944       418       640    0.6326     0.747    0.6422    0.3478   0.03606   0.04385   0.01191
   269/299       12G   0.03968   0.05115  0.005966    0.0968       419       640    0.6272    0.7448    0.6459    0.3954   0.03533   0.04539   0.01197
   270/299       12G   0.03883    0.0483  0.006971    0.0941       340       640    0.6545    0.7448    0.6543    0.3724   0.03668   0.04666   0.01188
   271/299       12G   0.04186    0.0525  0.006749    0.1011       385       640    0.6445    0.7449    0.6447    0.3798   0.03797    0.0479   0.01198
   272/299       12G   0.04111   0.05919  0.005803    0.1061       479       640    0.5848    0.8256    0.6629    0.3961    0.0352   0.05081   0.01182
   273/299       12G   0.03858   0.05103  0.005735   0.09534       364       640    0.6463    0.7514    0.6642    0.4161   0.03383   0.04816   0.01173
   274/299       12G   0.03854   0.05216   0.00521   0.09591       392       640    0.5452    0.8376    0.6696    0.4017   0.03584   0.04857   0.01158
   275/299       12G   0.04263   0.05225   0.00588    0.1008       458       640    0.6454    0.7623    0.6589    0.3943   0.03739    0.0464   0.01161
   276/299       12G     0.042   0.04959  0.004919    0.0965       376       640    0.6285    0.7621    0.6659    0.3732   0.03775   0.04612    0.0115
   277/299       12G   0.04336   0.05178  0.005513    0.1006       356       640     0.584    0.7593    0.6242    0.3291   0.04141   0.04733   0.01162
   278/299       12G    0.0437   0.05733  0.005631    0.1067       525       640    0.6351    0.7448    0.6532    0.3657   0.03669   0.04688   0.01157
   279/299       12G   0.04079   0.05532  0.006042    0.1022       452       640    0.5577    0.8353    0.6626    0.3958   0.03562   0.04543   0.01139
   280/299       12G    0.0414   0.04523  0.006035   0.09266       230       640    0.6593    0.7447    0.6593    0.3505   0.04014   0.04232   0.01124
   281/299       12G   0.04262    0.0522  0.005032   0.09985       361       640    0.5911    0.7448    0.6459    0.3599   0.03819   0.04361    0.0112
   282/299       12G   0.04406   0.04923  0.005737   0.09902       329       640    0.6689    0.7448    0.6598    0.3534   0.03675   0.04272   0.01127
   283/299       12G   0.04056   0.05823  0.005879    0.1047       448       640    0.6468    0.7448    0.6646    0.3903   0.03406   0.04807   0.01115
   284/299       12G   0.03957   0.05484  0.005991    0.1004       367       640    0.5556    0.7836    0.6381    0.3495    0.0386   0.04706   0.01101
   285/299       12G   0.04244    0.0548  0.006742     0.104       440       640    0.4924    0.7784    0.6021    0.2952   0.03815   0.04239   0.01106
   286/299       12G   0.04037    0.0477  0.006401   0.09447       334       640    0.6655    0.7627    0.6551    0.3846   0.03323   0.04402   0.01105
   287/299       12G   0.04416   0.04828  0.005916   0.09836       345       640    0.5492    0.7726    0.6122     0.329   0.04063    0.0437   0.01118
   288/299       12G   0.04426   0.05327  0.005101    0.1026       377       640    0.5151    0.8073    0.6314    0.3347   0.03973   0.04807   0.01118
   289/299       12G   0.04299    0.0469  0.005573   0.09546       329       640    0.5731    0.7715    0.6228    0.3022   0.03641   0.04501   0.01128
   290/299       12G   0.03989   0.05245  0.005554   0.09789       359       640    0.6496    0.7498    0.6569    0.3886    0.0349   0.04618   0.01114
   291/299       12G   0.04248    0.0488  0.005904   0.09718       304       640    0.6267    0.7625    0.6673    0.3732   0.03666   0.04731    0.0112
   292/299       12G   0.04128   0.04857  0.005015   0.09486       395       640    0.4716      0.76    0.5995    0.3097   0.03893   0.04323   0.01125
   293/299       12G   0.04152   0.04931  0.005213   0.09604       353       640    0.6233    0.7671    0.6526    0.3706   0.03527   0.04306   0.01124
   294/299       12G   0.03899   0.04757  0.005051    0.0916       349       640    0.6396    0.7376    0.6606    0.3773   0.03735   0.04376   0.01124
   295/299       12G   0.04221   0.05238  0.005895    0.1005       440       640     0.602    0.7339    0.6433     0.374   0.03826   0.04509   0.01131
   296/299       12G   0.04396   0.04948  0.005474   0.09892       423       640    0.5954    0.6782    0.6432    0.3792   0.03818   0.04441   0.01136
   297/299       12G   0.04144   0.05335    0.0059    0.1007       407       640    0.6472    0.7448    0.6763    0.3933   0.03572   0.04935   0.01134
   298/299       12G   0.04171   0.04949   0.00546   0.09666       349       640    0.6899    0.5477    0.6515    0.3463   0.03763   0.04764   0.01133
   299/299       12G   0.03916   0.04218  0.005982   0.08732       326       640    0.6255    0.7337    0.6388    0.2856   0.03778   0.04564   0.01139
