0 0.063679 0.157123 0.096698 0.127090
0 0.062500 0.296127 0.091981 0.103260
2 0.238797 0.251116 0.119104 0.145624
5 0.242335 0.478818 0.170991 0.150919
3 0.452241 0.293479 0.102594 0.103260
0 0.632665 0.114760 0.095519 0.100613
0 0.629717 0.239201 0.091981 0.100613
1 0.769458 0.225963 0.107311 0.190634
0 0.767099 0.388797 0.097877 0.092670
0 0.765330 0.505295 0.096698 0.087374
4 0.877948 0.147856 0.048349 0.124442
4 0.952241 0.153151 0.055425 0.124442
4 0.876179 0.305394 0.047170 0.116499
4 0.951061 0.310689 0.050708 0.127090
4 0.875000 0.469551 0.051887 0.116499
4 0.952241 0.464256 0.055425 0.127090