0 0.086085 0.488263 0.073113 0.046948
0 0.087854 0.553267 0.076651 0.050559
0 0.290684 0.593895 0.079009 0.041531
0 0.408019 0.598409 0.077830 0.050559
0 0.290094 0.657997 0.073113 0.054170
0 0.409198 0.657094 0.075472 0.052365
0 0.530660 0.589381 0.075472 0.057782
0 0.528892 0.659802 0.069575 0.057782
0 0.650943 0.586672 0.084906 0.055976
0 0.651533 0.658899 0.083726 0.052365
0 0.729363 0.723904 0.001179 0.001806
1 0.653892 0.500903 0.088443 0.090284
4 0.755896 0.463886 0.047170 0.070421
4 0.818396 0.462984 0.049528 0.072227
4 0.754127 0.552365 0.043632 0.066810
4 0.806014 0.594798 0.001179 0.000000
4 0.820165 0.554170 0.045991 0.066810
4 0.752948 0.639940 0.041274 0.061393
4 0.818396 0.639037 0.044811 0.063199