0 0.218585 0.529877 0.088313 0.054482
0 0.219903 0.607206 0.098858 0.054482
0 0.359622 0.644112 0.106766 0.050967
0 0.356327 0.716169 0.092267 0.050967
0 0.488796 0.565905 0.098858 0.059754
0 0.484183 0.643234 0.102812 0.052724
0 0.070299 0.640598 0.089631 0.057996
0 0.072276 0.713533 0.093585 0.042179
1 0.356327 0.547452 0.102812 0.100176
1 0.068981 0.541301 0.108084 0.108963
1 0.620606 0.702988 0.104130 0.094903
1 0.760325 0.702988 0.101494 0.091388
1 0.784051 0.814587 0.001318 0.001757
4 0.892135 0.525483 0.056678 0.077329
4 0.967926 0.528120 0.055360 0.072056
4 0.889499 0.620387 0.056678 0.073814
4 0.961995 0.616872 0.056678 0.077329
4 0.956722 0.705624 0.056678 0.072056