4 0.844340 0.294456 0.047170 0.182706
4 0.919222 0.290304 0.055425 0.207620
4 0.843160 0.531143 0.054245 0.182706
4 0.914505 0.531143 0.050708 0.166096
4 0.844340 0.765754 0.056604 0.170248
4 0.915094 0.759525 0.054245 0.182706
1 0.740566 0.410723 0.103774 0.257449
0 0.738208 0.815582 0.089623 0.128724
0 0.735849 0.645334 0.089623 0.145334
0 0.611439 0.288228 0.100236 0.161944
0 0.612618 0.470933 0.093160 0.170248
3 0.474057 0.500000 0.099057 0.137029
2 0.282429 0.362971 0.112028 0.211772
5 0.280071 0.796897 0.159198 0.191010
0 0.096698 0.643258 0.084906 0.149486
0 0.094340 0.817659 0.084906 0.132877