4 0.785967 0.450273 0.041274 0.102296
4 0.850825 0.446010 0.050708 0.110821
4 0.849646 0.583826 0.041274 0.113662
4 0.846108 0.720221 0.043632 0.107979
4 0.784788 0.586667 0.048349 0.102296
0 0.689269 0.652023 0.079009 0.085247
0 0.689269 0.750057 0.083726 0.071039
0 0.575472 0.639236 0.082547 0.093771
0 0.575472 0.744374 0.084906 0.082405
0 0.133255 0.629291 0.077830 0.096613
0 0.132075 0.735849 0.075472 0.071039
1 0.577241 0.512787 0.086085 0.142078
1 0.692807 0.521312 0.090802 0.153444
3 0.465802 0.750057 0.091981 0.093771
2 0.288915 0.541203 0.096698 0.136395
5 0.287736 0.748636 0.134434 0.113662