5 0.256486 0.823266 0.168632 0.209059
2 0.259434 0.494193 0.115566 0.201316
3 0.467571 0.546457 0.112028 0.150987
0 0.613797 0.292877 0.093160 0.139372
0 0.609670 0.461285 0.089623 0.135501
1 0.755307 0.432250 0.112028 0.278745
0 0.755307 0.844559 0.095519 0.143244
0 0.753538 0.664537 0.096698 0.139372
4 0.869693 0.323849 0.055425 0.178087
4 0.944575 0.335463 0.051887 0.193573
4 0.942217 0.563879 0.049528 0.178087
4 0.869693 0.556136 0.057783 0.193573
4 0.869104 0.788423 0.044811 0.170344
4 0.942807 0.792295 0.050708 0.178087