2 0.314269 0.484159 0.128538 0.155766
5 0.324292 0.807572 0.205189 0.168966
3 0.528302 0.476239 0.120283 0.118805
0 0.094340 0.732329 0.115566 0.113524
0 0.104953 0.849813 0.115566 0.095044
1 0.806604 0.313873 0.101415 0.153126
0 0.680425 0.397036 0.075472 0.092404
0 0.682193 0.511880 0.081368 0.105604
0 0.801297 0.461719 0.076651 0.110884
0 0.794222 0.580523 0.081368 0.116164
4 0.912736 0.176588 0.042453 0.116164
4 0.940448 0.492080 0.043632 0.108244
4 0.898585 0.342914 0.051887 0.137285
4 0.954599 0.338954 0.043632 0.124085
4 0.966392 0.172627 0.041274 0.124085
4 0.886203 0.501320 0.045991 0.126725