2 0.315448 0.477559 0.145047 0.190087
5 0.321344 0.802292 0.189858 0.184807
3 0.530071 0.480199 0.102594 0.121445
0 0.096108 0.736289 0.126179 0.142565
0 0.682783 0.397036 0.101415 0.108244
0 0.678066 0.518481 0.096698 0.129365
1 0.811910 0.312553 0.093160 0.171607
0 0.795401 0.581843 0.081368 0.102964
0 0.800118 0.465679 0.088443 0.108244
4 0.908019 0.191108 0.063679 0.129365
4 0.944575 0.489440 0.049528 0.124085
4 0.951651 0.337634 0.051887 0.116164
4 0.885024 0.513201 0.053066 0.129365
4 0.897406 0.360075 0.051887 0.134645
4 0.968750 0.175268 0.048349 0.124085