0 0.068396 0.304784 0.073113 0.070666
0 0.068986 0.386050 0.076651 0.063600
0 0.403892 0.334817 0.095519 0.070666
0 0.404481 0.424917 0.091981 0.074200
0 0.529481 0.489400 0.096698 0.079500
0 0.527712 0.584800 0.095519 0.086566
0 0.655071 0.503533 0.093160 0.086566
0 0.652123 0.589216 0.089623 0.081266
1 0.652123 0.375450 0.110849 0.137799
2 0.207547 0.376334 0.089623 0.093633
3 0.406840 0.563600 0.115566 0.086566
5 0.209316 0.535333 0.137972 0.100700
4 0.787736 0.332167 0.058962 0.097166
4 0.866745 0.333934 0.066038 0.093633
4 0.869693 0.465550 0.064858 0.098933
4 0.787146 0.453184 0.062500 0.091866
4 0.870873 0.583916 0.057783 0.095400