2 0.407613 0.650264 0.100306 0.080844
5 0.404973 0.490334 0.168937 0.084359
3 0.172685 0.615993 0.084468 0.065026
1 0.742847 0.521968 0.116144 0.112478
0 0.737567 0.619508 0.116144 0.065026
0 0.604926 0.536907 0.109545 0.072056
0 0.600306 0.602812 0.105585 0.056239
0 0.728988 0.690685 0.101626 0.066784
4 0.865590 0.479789 0.060712 0.087873
4 0.951378 0.489455 0.058072 0.082601
4 0.938840 0.598418 0.059392 0.075571
4 0.858331 0.591388 0.054113 0.082601
4 0.922342 0.698594 0.058072 0.072056
4 0.843813 0.690685 0.054113 0.073814