1 0.768278 0.382192 0.100236 0.302299
0 0.768868 0.871205 0.103774 0.168932
0 0.768868 0.646704 0.103774 0.182268
0 0.617335 0.242157 0.100236 0.182268
0 0.618514 0.459990 0.097877 0.155595
0 0.617925 0.655595 0.101415 0.155595
0 0.615566 0.857868 0.099057 0.186714
0 0.463443 0.328846 0.106132 0.186714
0 0.459906 0.531119 0.103774 0.200051
3 0.464033 0.864537 0.116745 0.200051
2 0.251179 0.344405 0.108491 0.253397
5 0.249410 0.840086 0.152123 0.204496
4 0.887382 0.268830 0.053066 0.217833
4 0.962854 0.262162 0.053066 0.195605
4 0.885613 0.533342 0.056604 0.186714
4 0.962264 0.528896 0.056604 0.186714
4 0.962854 0.795630 0.055425 0.177823